========================================
ENTITY PREDICTION RESULTS
========================================
Relation prediction in progress: switch to entity prediction using report_stats_entities.
========================================
RELATION PREDICTION RESULTS
========================================
v4/scores_outnellv4-p0.txt:relation_mr_mrr_1_3_10_n_rf 38.00000000000000000 0.02631578947368421 0.00000000000000000 0.00000000000000000 0.00000000000000000 1 0
v4/scores_outnellv4-p1.txt:relation_mr_mrr_1_3_10_n_rf 16572.00000000000000000 160.59521192548950808 106.00000000000000000 194.00000000000000000 210.00000000000000000 618 211
v4/scores_outnellv4-p10.txt:relation_mr_mrr_1_3_10_n_rf 992.00000000000000000 0.63693439049048972 0.00000000000000000 0.00000000000000000 0.00000000000000000 25 0
v4/scores_outnellv4-p11.txt:relation_mr_mrr_1_3_10_n_rf 525.00000000000000000 1.32590821225551592 1.00000000000000000 1.00000000000000000 1.00000000000000000 14 1
v4/scores_outnellv4-p12.txt:relation_mr_mrr_1_3_10_n_rf 4187.00000000000000000 21.16954431927959135 2.00000000000000000 16.00000000000000000 74.00000000000000000 168 74
v4/scores_outnellv4-p13.txt:relation_mr_mrr_1_3_10_n_rf 88.00000000000000000 0.52750626566416037 0.00000000000000000 1.00000000000000000 2.00000000000000000 4 2
v4/scores_outnellv4-p14.txt:relation_mr_mrr_1_3_10_n_rf 0.00000000000000000 0.00000000000000000 0.00000000000000000 0.00000000000000000 0.00000000000000000 0 0
v4/scores_outnellv4-p15.txt:relation_mr_mrr_1_3_10_n_rf 197.00000000000000000 0.12902839944435870 0.00000000000000000 0.00000000000000000 0.00000000000000000 5 0
v4/scores_outnellv4-p16.txt:relation_mr_mrr_1_3_10_n_rf 336.00000000000000000 0.19386357028366014 0.00000000000000000 0.00000000000000000 0.00000000000000000 8 0
v4/scores_outnellv4-p17.txt:relation_mr_mrr_1_3_10_n_rf 38.00000000000000000 0.02631578947368421 0.00000000000000000 0.00000000000000000 0.00000000000000000 1 0
v4/scores_outnellv4-p18.txt:relation_mr_mrr_1_3_10_n_rf 1564.00000000000000000 23.05227325308399955 22.00000000000000000 22.00000000000000000 22.00000000000000000 62 22
v4/scores_outnellv4-p19.txt:relation_mr_mrr_1_3_10_n_rf 0.00000000000000000 0.00000000000000000 0.00000000000000000 0.00000000000000000 0.00000000000000000 0 0
v4/scores_outnellv4-p2.txt:relation_mr_mrr_1_3_10_n_rf 1245.00000000000000000 12.90573114744105787 9.00000000000000000 15.00000000000000000 18.00000000000000000 48 18
v4/scores_outnellv4-p20.txt:relation_mr_mrr_1_3_10_n_rf 621.00000000000000000 0.49838513184582162 0.00000000000000000 0.00000000000000000 1.00000000000000000 16 1
v4/scores_outnellv4-p21.txt:relation_mr_mrr_1_3_10_n_rf 429.00000000000000000 3.08562409860024811 0.00000000000000000 6.00000000000000000 8.00000000000000000 18 8
v4/scores_outnellv4-p22.txt:relation_mr_mrr_1_3_10_n_rf 1201.00000000000000000 1.75627622378898551 1.00000000000000000 1.00000000000000000 1.00000000000000000 31 1
v4/scores_outnellv4-p23.txt:relation_mr_mrr_1_3_10_n_rf 675.00000000000000000 20.75855132905530454 1.00000000000000000 28.00000000000000000 69.00000000000000000 80 69
v4/scores_outnellv4-p24.txt:relation_mr_mrr_1_3_10_n_rf 2033.00000000000000000 1.40131366504342703 0.00000000000000000 0.00000000000000000 0.00000000000000000 53 0
v4/scores_outnellv4-p25.txt:relation_mr_mrr_1_3_10_n_rf 9513.00000000000000000 86.32432555030554511 78.00000000000000000 82.00000000000000000 83.00000000000000000 325 83
v4/scores_outnellv4-p26.txt:relation_mr_mrr_1_3_10_n_rf 38.00000000000000000 0.02631578947368421 0.00000000000000000 0.00000000000000000 0.00000000000000000 1 0
v4/scores_outnellv4-p27.txt:relation_mr_mrr_1_3_10_n_rf 0.00000000000000000 0.00000000000000000 0.00000000000000000 0.00000000000000000 0.00000000000000000 0 0
v4/scores_outnellv4-p28.txt:relation_mr_mrr_1_3_10_n_rf 0.00000000000000000 0.00000000000000000 0.00000000000000000 0.00000000000000000 0.00000000000000000 0 0
v4/scores_outnellv4-p29.txt:relation_mr_mrr_1_3_10_n_rf 2074.00000000000000000 30.73123139304065887 28.00000000000000000 31.00000000000000000 31.00000000000000000 84 31
v4/scores_outnellv4-p3.txt:relation_mr_mrr_1_3_10_n_rf 7378.00000000000000000 107.49262845204874850 56.00000000000000000 139.00000000000000000 191.00000000000000000 361 191
v4/scores_outnellv4-p30.txt:relation_mr_mrr_1_3_10_n_rf 0.00000000000000000 0.00000000000000000 0.00000000000000000 0.00000000000000000 0.00000000000000000 0 0
v4/scores_outnellv4-p31.txt:relation_mr_mrr_1_3_10_n_rf 532.00000000000000000 33.34850066936091650 31.00000000000000000 34.00000000000000000 37.00000000000000000 49 37
v4/scores_outnellv4-p32.txt:relation_mr_mrr_1_3_10_n_rf 0.00000000000000000 0.00000000000000000 0.00000000000000000 0.00000000000000000 0.00000000000000000 0 0
v4/scores_outnellv4-p33.txt:relation_mr_mrr_1_3_10_n_rf 0.00000000000000000 0.00000000000000000 0.00000000000000000 0.00000000000000000 0.00000000000000000 0 0
v4/scores_outnellv4-p34.txt:relation_mr_mrr_1_3_10_n_rf 7702.00000000000000000 5.20252636193721774 0.00000000000000000 0.00000000000000000 0.00000000000000000 199 0
v4/scores_outnellv4-p35.txt:relation_mr_mrr_1_3_10_n_rf 81.00000000000000000 24.19999999999999929 11.00000000000000000 36.00000000000000000 40.00000000000000000 40 40
v4/scores_outnellv4-p36.txt:relation_mr_mrr_1_3_10_n_rf 2912.00000000000000000 97.83793718708541576 41.00000000000000000 129.00000000000000000 211.00000000000000000 269 211
v4/scores_outnellv4-p37.txt:relation_mr_mrr_1_3_10_n_rf 727.00000000000000000 0.45113428699378599 0.00000000000000000 0.00000000000000000 0.00000000000000000 18 0
v4/scores_outnellv4-p38.txt:relation_mr_mrr_1_3_10_n_rf 293.00000000000000000 0.66977561114135320 0.00000000000000000 1.00000000000000000 1.00000000000000000 8 1
v4/scores_outnellv4-p39.txt:relation_mr_mrr_1_3_10_n_rf 2565.00000000000000000 1.92022612383775138 0.00000000000000000 0.00000000000000000 1.00000000000000000 66 1
v4/scores_outnellv4-p4.txt:relation_mr_mrr_1_3_10_n_rf 100.00000000000000000 58.75000000000000711 50.00000000000000000 68.00000000000000000 70.00000000000000000 70 70
v4/scores_outnellv4-p40.txt:relation_mr_mrr_1_3_10_n_rf 0.00000000000000000 0.00000000000000000 0.00000000000000000 0.00000000000000000 0.00000000000000000 0 0
v4/scores_outnellv4-p41.txt:relation_mr_mrr_1_3_10_n_rf 2083.00000000000000000 1.75127794936681025 0.00000000000000000 1.00000000000000000 1.00000000000000000 55 1
v4/scores_outnellv4-p42.txt:relation_mr_mrr_1_3_10_n_rf 0.00000000000000000 0.00000000000000000 0.00000000000000000 0.00000000000000000 0.00000000000000000 0 0
v4/scores_outnellv4-p43.txt:relation_mr_mrr_1_3_10_n_rf 153.00000000000000000 0.10630112671708597 0.00000000000000000 0.00000000000000000 0.00000000000000000 4 0
v4/scores_outnellv4-p44.txt:relation_mr_mrr_1_3_10_n_rf 7652.00000000000000000 225.75256345042870976 156.00000000000000000 296.00000000000000000 297.00000000000000000 480 297
v4/scores_outnellv4-p45.txt:relation_mr_mrr_1_3_10_n_rf 630.00000000000000000 12.02052599529175936 9.00000000000000000 14.00000000000000000 15.00000000000000000 30 15
v4/scores_outnellv4-p46.txt:relation_mr_mrr_1_3_10_n_rf 0.00000000000000000 0.00000000000000000 0.00000000000000000 0.00000000000000000 0.00000000000000000 0 0
v4/scores_outnellv4-p47.txt:relation_mr_mrr_1_3_10_n_rf 1394.00000000000000000 30.77139443124422158 12.00000000000000000 40.00000000000000000 68.00000000000000000 99 68
v4/scores_outnellv4-p48.txt:relation_mr_mrr_1_3_10_n_rf 410.00000000000000000 0.24825467582630786 0.00000000000000000 0.00000000000000000 0.00000000000000000 10 0
v4/scores_outnellv4-p49.txt:relation_mr_mrr_1_3_10_n_rf 407.00000000000000000 0.24932040393816823 0.00000000000000000 0.00000000000000000 0.00000000000000000 10 0
v4/scores_outnellv4-p5.txt:relation_mr_mrr_1_3_10_n_rf 14307.00000000000000000 40.76828563501292990 21.00000000000000000 40.00000000000000000 50.00000000000000000 407 50
v4/scores_outnellv4-p50.txt:relation_mr_mrr_1_3_10_n_rf 0.00000000000000000 0.00000000000000000 0.00000000000000000 0.00000000000000000 0.00000000000000000 0 0
v4/scores_outnellv4-p51.txt:relation_mr_mrr_1_3_10_n_rf 595.00000000000000000 0.38201197042968732 0.00000000000000000 0.00000000000000000 0.00000000000000000 15 0
v4/scores_outnellv4-p52.txt:relation_mr_mrr_1_3_10_n_rf 344.00000000000000000 13.19647419890235440 13.00000000000000000 13.00000000000000000 13.00000000000000000 21 13
v4/scores_outnellv4-p53.txt:relation_mr_mrr_1_3_10_n_rf 6.00000000000000000 0.16666666666666666 0.00000000000000000 0.00000000000000000 1.00000000000000000 1 1
v4/scores_outnellv4-p54.txt:relation_mr_mrr_1_3_10_n_rf 50.00000000000000000 0.33655083655083656 0.00000000000000000 0.00000000000000000 2.00000000000000000 3 2
v4/scores_outnellv4-p55.txt:relation_mr_mrr_1_3_10_n_rf 285.00000000000000000 5.17098991616000614 2.00000000000000000 7.00000000000000000 11.00000000000000000 17 11
v4/scores_outnellv4-p56.txt:relation_mr_mrr_1_3_10_n_rf 42.00000000000000000 0.02380952380952381 0.00000000000000000 0.00000000000000000 0.00000000000000000 1 0
v4/scores_outnellv4-p57.txt:relation_mr_mrr_1_3_10_n_rf 52.00000000000000000 0.09774436090225563 0.00000000000000000 0.00000000000000000 0.00000000000000000 2 1
v4/scores_outnellv4-p58.txt:relation_mr_mrr_1_3_10_n_rf 38.00000000000000000 0.02631578947368421 0.00000000000000000 0.00000000000000000 0.00000000000000000 1 0
v4/scores_outnellv4-p59.txt:relation_mr_mrr_1_3_10_n_rf 5397.00000000000000000 36.27018982484279519 15.00000000000000000 22.00000000000000000 105.00000000000000000 220 106
v4/scores_outnellv4-p6.txt:relation_mr_mrr_1_3_10_n_rf 285.00000000000000000 0.17417705313692267 0.00000000000000000 0.00000000000000000 0.00000000000000000 7 0
v4/scores_outnellv4-p60.txt:relation_mr_mrr_1_3_10_n_rf 1548.00000000000000000 1.04662854056651455 0.00000000000000000 0.00000000000000000 0.00000000000000000 40 0
v4/scores_outnellv4-p61.txt:relation_mr_mrr_1_3_10_n_rf 0.00000000000000000 0.00000000000000000 0.00000000000000000 0.00000000000000000 0.00000000000000000 0 0
v4/scores_outnellv4-p62.txt:relation_mr_mrr_1_3_10_n_rf 7254.00000000000000000 4.93231380486323800 0.00000000000000000 0.00000000000000000 0.00000000000000000 188 0
v4/scores_outnellv4-p63.txt:relation_mr_mrr_1_3_10_n_rf 2594.00000000000000000 1.80772403540763071 0.00000000000000000 0.00000000000000000 0.00000000000000000 68 0
v4/scores_outnellv4-p64.txt:relation_mr_mrr_1_3_10_n_rf 122.00000000000000000 0.07404306220095694 0.00000000000000000 0.00000000000000000 0.00000000000000000 3 0
v4/scores_outnellv4-p65.txt:relation_mr_mrr_1_3_10_n_rf 0.00000000000000000 0.00000000000000000 0.00000000000000000 0.00000000000000000 0.00000000000000000 0 0
v4/scores_outnellv4-p66.txt:relation_mr_mrr_1_3_10_n_rf 0.00000000000000000 0.00000000000000000 0.00000000000000000 0.00000000000000000 0.00000000000000000 0 0
v4/scores_outnellv4-p67.txt:relation_mr_mrr_1_3_10_n_rf 0.00000000000000000 0.00000000000000000 0.00000000000000000 0.00000000000000000 0.00000000000000000 0 0
v4/scores_outnellv4-p68.txt:relation_mr_mrr_1_3_10_n_rf 2786.00000000000000000 77.21220109079969518 55.00000000000000000 90.00000000000000000 116.00000000000000000 181 116
v4/scores_outnellv4-p69.txt:relation_mr_mrr_1_3_10_n_rf 1599.00000000000000000 1.40349228457382824 0.00000000000000000 1.00000000000000000 1.00000000000000000 42 1
v4/scores_outnellv4-p7.txt:relation_mr_mrr_1_3_10_n_rf 121.00000000000000000 0.07468408784198258 0.00000000000000000 0.00000000000000000 0.00000000000000000 3 0
v4/scores_outnellv4-p70.txt:relation_mr_mrr_1_3_10_n_rf 1917.00000000000000000 53.77639288532097339 45.00000000000000000 62.00000000000000000 64.00000000000000000 111 64
v4/scores_outnellv4-p71.txt:relation_mr_mrr_1_3_10_n_rf 4108.00000000000000000 32.02184644323504870 27.00000000000000000 32.00000000000000000 32.00000000000000000 136 32
v4/scores_outnellv4-p72.txt:relation_mr_mrr_1_3_10_n_rf 3786.00000000000000000 16.57736426752018488 14.00000000000000000 14.00000000000000000 14.00000000000000000 112 14
v4/scores_outnellv4-p73.txt:relation_mr_mrr_1_3_10_n_rf 119772.00000000000000000 126.65557165788435157 40.00000000000000000 58.00000000000000000 58.00000000000000000 3095 58
v4/scores_outnellv4-p74.txt:relation_mr_mrr_1_3_10_n_rf 78.00000000000000000 0.05131578947368421 0.00000000000000000 0.00000000000000000 0.00000000000000000 2 0
v4/scores_outnellv4-p75.txt:relation_mr_mrr_1_3_10_n_rf 1955.00000000000000000 56.64484817699857189 6.00000000000000000 71.00000000000000000 185.00000000000000000 217 185
v4/scores_outnellv4-p8.txt:relation_mr_mrr_1_3_10_n_rf 1651.00000000000000000 11.14346993841597744 10.00000000000000000 10.00000000000000000 10.00000000000000000 53 10
v4/scores_outnellv4-p9.txt:relation_mr_mrr_1_3_10_n_rf 2639.00000000000000000 181.68969478477944790 180.00000000000000000 180.00000000000000000 180.00000000000000000 244 180
MR 29.4268
MRR 0.191041
HITS@1 12.23
Coverage 26.9601
HITS@3 20.5986
HITS@10 26.9249
