========================================
ENTITY PREDICTION RESULTS
========================================
Relation prediction in progress: switch to entity prediction using report_stats_entities.
========================================
RELATION PREDICTION RESULTS
========================================
v2/scores_outnellv2-p0.txt:relation_mr_mrr_1_3_10_n_rf 331.00000000000000000 2.15126160834583757 1.00000000000000000 3.00000000000000000 3.00000000000000000 10 3
v2/scores_outnellv2-p1.txt:relation_mr_mrr_1_3_10_n_rf 336.00000000000000000 1.02023915626856798 0.00000000000000000 1.00000000000000000 3.00000000000000000 10 3
v2/scores_outnellv2-p10.txt:relation_mr_mrr_1_3_10_n_rf 371.00000000000000000 9.17893412791440788 9.00000000000000000 9.00000000000000000 9.00000000000000000 17 9
v2/scores_outnellv2-p11.txt:relation_mr_mrr_1_3_10_n_rf 181.00000000000000000 0.34124149659863950 0.00000000000000000 0.00000000000000000 1.00000000000000000 5 1
v2/scores_outnellv2-p12.txt:relation_mr_mrr_1_3_10_n_rf 361.00000000000000000 0.67910455576076856 0.00000000000000000 1.00000000000000000 1.00000000000000000 9 1
v2/scores_outnellv2-p13.txt:relation_mr_mrr_1_3_10_n_rf 81.00000000000000000 57.33333333333333570 50.00000000000000000 65.00000000000000000 65.00000000000000000 65 65
v2/scores_outnellv2-p14.txt:relation_mr_mrr_1_3_10_n_rf 86.00000000000000000 0.04673913043478261 0.00000000000000000 0.00000000000000000 0.00000000000000000 2 0
v2/scores_outnellv2-p15.txt:relation_mr_mrr_1_3_10_n_rf 0.00000000000000000 0.00000000000000000 0.00000000000000000 0.00000000000000000 0.00000000000000000 0 0
v2/scores_outnellv2-p16.txt:relation_mr_mrr_1_3_10_n_rf 0.00000000000000000 0.00000000000000000 0.00000000000000000 0.00000000000000000 0.00000000000000000 0 0
v2/scores_outnellv2-p17.txt:relation_mr_mrr_1_3_10_n_rf 192.00000000000000000 0.08431119251903982 0.00000000000000000 0.00000000000000000 0.00000000000000000 4 0
v2/scores_outnellv2-p18.txt:relation_mr_mrr_1_3_10_n_rf 6.00000000000000000 0.16666666666666666 0.00000000000000000 0.00000000000000000 1.00000000000000000 1 1
v2/scores_outnellv2-p19.txt:relation_mr_mrr_1_3_10_n_rf 634.00000000000000000 39.28724599798894701 39.00000000000000000 39.00000000000000000 39.00000000000000000 52 39
v2/scores_outnellv2-p2.txt:relation_mr_mrr_1_3_10_n_rf 117.00000000000000000 7.08045084996304563 3.00000000000000000 11.00000000000000000 13.00000000000000000 15 13
v2/scores_outnellv2-p20.txt:relation_mr_mrr_1_3_10_n_rf 456.00000000000000000 0.18030777825502567 0.00000000000000000 0.00000000000000000 0.00000000000000000 9 0
v2/scores_outnellv2-p21.txt:relation_mr_mrr_1_3_10_n_rf 141.00000000000000000 1.31805555555555554 0.00000000000000000 2.00000000000000000 3.00000000000000000 6 3
v2/scores_outnellv2-p22.txt:relation_mr_mrr_1_3_10_n_rf 29.00000000000000000 10.73333333333333428 8.00000000000000000 13.00000000000000000 15.00000000000000000 15 15
v2/scores_outnellv2-p23.txt:relation_mr_mrr_1_3_10_n_rf 93.00000000000000000 33.29285714285715159 29.00000000000000000 34.00000000000000000 44.00000000000000000 44 44
v2/scores_outnellv2-p24.txt:relation_mr_mrr_1_3_10_n_rf 65.00000000000000000 65.00000000000000000 65.00000000000000000 65.00000000000000000 65.00000000000000000 65 65
v2/scores_outnellv2-p25.txt:relation_mr_mrr_1_3_10_n_rf 7812.00000000000000000 4.12263221659654189 0.00000000000000000 0.00000000000000000 1.00000000000000000 174 1
v2/scores_outnellv2-p26.txt:relation_mr_mrr_1_3_10_n_rf 49.00000000000000000 9.10714285714285587 7.00000000000000000 11.00000000000000000 13.00000000000000000 14 14
v2/scores_outnellv2-p27.txt:relation_mr_mrr_1_3_10_n_rf 776.00000000000000000 1.37672212120434723 1.00000000000000000 1.00000000000000000 1.00000000000000000 18 1
v2/scores_outnellv2-p28.txt:relation_mr_mrr_1_3_10_n_rf 33.00000000000000000 26.25000000000000000 25.00000000000000000 27.00000000000000000 28.00000000000000000 28 28
v2/scores_outnellv2-p29.txt:relation_mr_mrr_1_3_10_n_rf 511.00000000000000000 0.23857509090031886 0.00000000000000000 0.00000000000000000 0.00000000000000000 11 0
v2/scores_outnellv2-p3.txt:relation_mr_mrr_1_3_10_n_rf 71.00000000000000000 53.50000000000000000 50.00000000000000000 57.00000000000000000 58.00000000000000000 58 58
v2/scores_outnellv2-p30.txt:relation_mr_mrr_1_3_10_n_rf 13.00000000000000000 1.08333333333333326 1.00000000000000000 1.00000000000000000 1.00000000000000000 2 2
v2/scores_outnellv2-p31.txt:relation_mr_mrr_1_3_10_n_rf 4.00000000000000000 2.50000000000000000 2.00000000000000000 3.00000000000000000 3.00000000000000000 3 3
v2/scores_outnellv2-p32.txt:relation_mr_mrr_1_3_10_n_rf 0.00000000000000000 0.00000000000000000 0.00000000000000000 0.00000000000000000 0.00000000000000000 0 0
v2/scores_outnellv2-p33.txt:relation_mr_mrr_1_3_10_n_rf 1620.00000000000000000 0.60259175077587901 0.00000000000000000 0.00000000000000000 0.00000000000000000 31 0
v2/scores_outnellv2-p34.txt:relation_mr_mrr_1_3_10_n_rf 0.00000000000000000 0.00000000000000000 0.00000000000000000 0.00000000000000000 0.00000000000000000 0 0
v2/scores_outnellv2-p35.txt:relation_mr_mrr_1_3_10_n_rf 0.00000000000000000 0.00000000000000000 0.00000000000000000 0.00000000000000000 0.00000000000000000 0 0
v2/scores_outnellv2-p36.txt:relation_mr_mrr_1_3_10_n_rf 73.00000000000000000 73.00000000000000000 73.00000000000000000 73.00000000000000000 73.00000000000000000 73 73
v2/scores_outnellv2-p37.txt:relation_mr_mrr_1_3_10_n_rf 65.00000000000000000 41.93333333333333712 40.00000000000000000 43.00000000000000000 46.00000000000000000 46 46
v2/scores_outnellv2-p38.txt:relation_mr_mrr_1_3_10_n_rf 0.00000000000000000 0.00000000000000000 0.00000000000000000 0.00000000000000000 0.00000000000000000 0 0
v2/scores_outnellv2-p39.txt:relation_mr_mrr_1_3_10_n_rf 49.00000000000000000 44.50000000000000000 43.00000000000000000 46.00000000000000000 46.00000000000000000 46 46
v2/scores_outnellv2-p4.txt:relation_mr_mrr_1_3_10_n_rf 3531.00000000000000000 389.90034891206300927 267.00000000000000000 515.00000000000000000 557.00000000000000000 612 557
v2/scores_outnellv2-p40.txt:relation_mr_mrr_1_3_10_n_rf 175.00000000000000000 1.09220363618391625 1.00000000000000000 1.00000000000000000 1.00000000000000000 5 1
v2/scores_outnellv2-p41.txt:relation_mr_mrr_1_3_10_n_rf 880.00000000000000000 0.48749180433667560 0.00000000000000000 0.00000000000000000 0.00000000000000000 20 1
v2/scores_outnellv2-p42.txt:relation_mr_mrr_1_3_10_n_rf 25.00000000000000000 15.16666666666666785 13.00000000000000000 18.00000000000000000 18.00000000000000000 18 18
v2/scores_outnellv2-p43.txt:relation_mr_mrr_1_3_10_n_rf 838.00000000000000000 0.39078426840102909 0.00000000000000000 0.00000000000000000 0.00000000000000000 18 0
v2/scores_outnellv2-p44.txt:relation_mr_mrr_1_3_10_n_rf 3.00000000000000000 1.50000000000000000 1.00000000000000000 2.00000000000000000 2.00000000000000000 2 2
v2/scores_outnellv2-p45.txt:relation_mr_mrr_1_3_10_n_rf 687.00000000000000000 0.28947865850278759 0.00000000000000000 0.00000000000000000 0.00000000000000000 14 0
v2/scores_outnellv2-p46.txt:relation_mr_mrr_1_3_10_n_rf 47.00000000000000000 2.02222222222222214 2.00000000000000000 2.00000000000000000 2.00000000000000000 3 2
v2/scores_outnellv2-p47.txt:relation_mr_mrr_1_3_10_n_rf 253.00000000000000000 203.02127659574469476 202.00000000000000000 204.00000000000000000 204.00000000000000000 205 204
v2/scores_outnellv2-p48.txt:relation_mr_mrr_1_3_10_n_rf 65.00000000000000000 13.27222222222222214 12.00000000000000000 14.00000000000000000 15.00000000000000000 16 15
v2/scores_outnellv2-p49.txt:relation_mr_mrr_1_3_10_n_rf 49.00000000000000000 20.75000000000000000 16.00000000000000000 25.00000000000000000 28.00000000000000000 28 28
v2/scores_outnellv2-p5.txt:relation_mr_mrr_1_3_10_n_rf 125.00000000000000000 45.44146825396826017 41.00000000000000000 50.00000000000000000 52.00000000000000000 53 52
v2/scores_outnellv2-p50.txt:relation_mr_mrr_1_3_10_n_rf 47.00000000000000000 1.02173913043478271 1.00000000000000000 1.00000000000000000 1.00000000000000000 2 1
v2/scores_outnellv2-p51.txt:relation_mr_mrr_1_3_10_n_rf 0.00000000000000000 0.00000000000000000 0.00000000000000000 0.00000000000000000 0.00000000000000000 0 0
v2/scores_outnellv2-p52.txt:relation_mr_mrr_1_3_10_n_rf 268.00000000000000000 0.13511128409156434 0.00000000000000000 0.00000000000000000 0.00000000000000000 6 0
v2/scores_outnellv2-p53.txt:relation_mr_mrr_1_3_10_n_rf 89.00000000000000000 2.04612937433722175 2.00000000000000000 2.00000000000000000 2.00000000000000000 4 2
v2/scores_outnellv2-p54.txt:relation_mr_mrr_1_3_10_n_rf 1.00000000000000000 1.00000000000000000 1.00000000000000000 1.00000000000000000 1.00000000000000000 1 1
v2/scores_outnellv2-p55.txt:relation_mr_mrr_1_3_10_n_rf 0.00000000000000000 0.00000000000000000 0.00000000000000000 0.00000000000000000 0.00000000000000000 0 0
v2/scores_outnellv2-p56.txt:relation_mr_mrr_1_3_10_n_rf 135.00000000000000000 0.06722222222222222 0.00000000000000000 0.00000000000000000 0.00000000000000000 3 0
v2/scores_outnellv2-p57.txt:relation_mr_mrr_1_3_10_n_rf 134.00000000000000000 0.06740597008190248 0.00000000000000000 0.00000000000000000 0.00000000000000000 3 0
v2/scores_outnellv2-p58.txt:relation_mr_mrr_1_3_10_n_rf 1.00000000000000000 1.00000000000000000 1.00000000000000000 1.00000000000000000 1.00000000000000000 1 1
v2/scores_outnellv2-p59.txt:relation_mr_mrr_1_3_10_n_rf 157.00000000000000000 6.23023586246092620 5.00000000000000000 7.00000000000000000 8.00000000000000000 11 8
v2/scores_outnellv2-p6.txt:relation_mr_mrr_1_3_10_n_rf 13686.00000000000000000 6.99478889704643958 0.00000000000000000 0.00000000000000000 0.00000000000000000 306 2
v2/scores_outnellv2-p60.txt:relation_mr_mrr_1_3_10_n_rf 56.00000000000000000 8.02222222222222214 7.00000000000000000 9.00000000000000000 9.00000000000000000 10 9
v2/scores_outnellv2-p61.txt:relation_mr_mrr_1_3_10_n_rf 31.00000000000000000 26.50000000000000000 25.00000000000000000 28.00000000000000000 28.00000000000000000 28 28
v2/scores_outnellv2-p62.txt:relation_mr_mrr_1_3_10_n_rf 941.00000000000000000 44.45053164501386789 44.00000000000000000 44.00000000000000000 44.00000000000000000 64 44
v2/scores_outnellv2-p63.txt:relation_mr_mrr_1_3_10_n_rf 231.00000000000000000 61.12683215130024905 51.00000000000000000 69.00000000000000000 79.00000000000000000 81 79
v2/scores_outnellv2-p64.txt:relation_mr_mrr_1_3_10_n_rf 2159.00000000000000000 1.07815726712843452 0.00000000000000000 0.00000000000000000 0.00000000000000000 48 0
v2/scores_outnellv2-p65.txt:relation_mr_mrr_1_3_10_n_rf 6106.00000000000000000 3.05801893156808369 0.00000000000000000 0.00000000000000000 0.00000000000000000 136 0
v2/scores_outnellv2-p66.txt:relation_mr_mrr_1_3_10_n_rf 468.00000000000000000 8.21968900535907387 8.00000000000000000 8.00000000000000000 8.00000000000000000 18 8
v2/scores_outnellv2-p67.txt:relation_mr_mrr_1_3_10_n_rf 1299.00000000000000000 0.65403653540029472 0.00000000000000000 0.00000000000000000 0.00000000000000000 29 0
v2/scores_outnellv2-p68.txt:relation_mr_mrr_1_3_10_n_rf 275.00000000000000000 7.13475414123442064 7.00000000000000000 7.00000000000000000 7.00000000000000000 13 7
v2/scores_outnellv2-p69.txt:relation_mr_mrr_1_3_10_n_rf 225.00000000000000000 225.00000000000000000 225.00000000000000000 225.00000000000000000 225.00000000000000000 225 225
v2/scores_outnellv2-p7.txt:relation_mr_mrr_1_3_10_n_rf 6280.00000000000000000 115.95877221221391551 112.00000000000000000 114.00000000000000000 114.00000000000000000 252 114
v2/scores_outnellv2-p70.txt:relation_mr_mrr_1_3_10_n_rf 126.00000000000000000 41.04722222222222427 41.00000000000000000 41.00000000000000000 41.00000000000000000 43 41
v2/scores_outnellv2-p71.txt:relation_mr_mrr_1_3_10_n_rf 581.00000000000000000 116.21786080969822308 116.00000000000000000 116.00000000000000000 116.00000000000000000 126 116
v2/scores_outnellv2-p72.txt:relation_mr_mrr_1_3_10_n_rf 693.00000000000000000 11.33295667777618121 11.00000000000000000 11.00000000000000000 11.00000000000000000 26 11
v2/scores_outnellv2-p73.txt:relation_mr_mrr_1_3_10_n_rf 787.00000000000000000 0.37036130987130544 0.00000000000000000 0.00000000000000000 0.00000000000000000 17 0
v2/scores_outnellv2-p74.txt:relation_mr_mrr_1_3_10_n_rf 30.00000000000000000 8.05952380952381020 5.00000000000000000 11.00000000000000000 13.00000000000000000 13 13
v2/scores_outnellv2-p75.txt:relation_mr_mrr_1_3_10_n_rf 57.00000000000000000 7.85555555555555518 7.00000000000000000 9.00000000000000000 9.00000000000000000 10 9
v2/scores_outnellv2-p76.txt:relation_mr_mrr_1_3_10_n_rf 6.00000000000000000 6.00000000000000000 6.00000000000000000 6.00000000000000000 6.00000000000000000 6 6
v2/scores_outnellv2-p77.txt:relation_mr_mrr_1_3_10_n_rf 265.00000000000000000 57.69468030690538285 50.00000000000000000 62.00000000000000000 71.00000000000000000 74 71
v2/scores_outnellv2-p78.txt:relation_mr_mrr_1_3_10_n_rf 343.00000000000000000 16.16234259769974102 11.00000000000000000 22.00000000000000000 24.00000000000000000 31 25
v2/scores_outnellv2-p79.txt:relation_mr_mrr_1_3_10_n_rf 293.00000000000000000 70.32974738675959259 46.00000000000000000 95.00000000000000000 103.00000000000000000 106 104
v2/scores_outnellv2-p8.txt:relation_mr_mrr_1_3_10_n_rf 0.00000000000000000 0.00000000000000000 0.00000000000000000 0.00000000000000000 0.00000000000000000 0 0
v2/scores_outnellv2-p80.txt:relation_mr_mrr_1_3_10_n_rf 75.00000000000000000 22.52222222222222214 20.00000000000000000 25.00000000000000000 25.00000000000000000 26 25
v2/scores_outnellv2-p81.txt:relation_mr_mrr_1_3_10_n_rf 824.00000000000000000 40.87469203933381579 39.00000000000000000 42.00000000000000000 42.00000000000000000 59 42
v2/scores_outnellv2-p82.txt:relation_mr_mrr_1_3_10_n_rf 1096.00000000000000000 1067.50000000000000000 1058.00000000000000000 1077.00000000000000000 1077.00000000000000000 1077 1077
v2/scores_outnellv2-p83.txt:relation_mr_mrr_1_3_10_n_rf 320.00000000000000000 23.55194156919203863 17.00000000000000000 29.00000000000000000 31.00000000000000000 37 31
v2/scores_outnellv2-p84.txt:relation_mr_mrr_1_3_10_n_rf 274.00000000000000000 95.32042198993420357 83.00000000000000000 107.00000000000000000 110.00000000000000000 113 110
v2/scores_outnellv2-p85.txt:relation_mr_mrr_1_3_10_n_rf 115.00000000000000000 70.02222222222222570 70.00000000000000000 70.00000000000000000 70.00000000000000000 71 70
v2/scores_outnellv2-p86.txt:relation_mr_mrr_1_3_10_n_rf 162.00000000000000000 27.06722222222222030 27.00000000000000000 27.00000000000000000 27.00000000000000000 30 27
v2/scores_outnellv2-p87.txt:relation_mr_mrr_1_3_10_n_rf 199.00000000000000000 86.62272727272727479 78.00000000000000000 92.00000000000000000 102.00000000000000000 103 102
v2/scores_outnellv2-p9.txt:relation_mr_mrr_1_3_10_n_rf 485.00000000000000000 485.00000000000000000 485.00000000000000000 485.00000000000000000 485.00000000000000000 485 485
MR 10.9679
MRR 0.71595
HITS@1 66.2923
Coverage 78.0293
HITS@3 75.6928
HITS@10 77.9026
