========================================
ENTITY PREDICTION RESULTS
========================================
Relation prediction in progress: switch to entity prediction using report_stats_entities.
========================================
RELATION PREDICTION RESULTS
========================================
v3/scores_outnellv3-p0.txt:relation_mr_mrr_1_3_10_n_rf 140.00000000000000000 0.02886002886002886 0.00000000000000000 0.00000000000000000 0.00000000000000000 2 0
v3/scores_outnellv3-p1.txt:relation_mr_mrr_1_3_10_n_rf 516.00000000000000000 1.42943167828868023 1.00000000000000000 2.00000000000000000 2.00000000000000000 9 2
v3/scores_outnellv3-p10.txt:relation_mr_mrr_1_3_10_n_rf 825.00000000000000000 19.65318908570100120 16.00000000000000000 23.00000000000000000 23.00000000000000000 34 23
v3/scores_outnellv3-p100.txt:relation_mr_mrr_1_3_10_n_rf 413.00000000000000000 29.23430805233485685 26.00000000000000000 33.00000000000000000 33.00000000000000000 38 33
v3/scores_outnellv3-p101.txt:relation_mr_mrr_1_3_10_n_rf 26.00000000000000000 14.33333333333333215 11.00000000000000000 18.00000000000000000 18.00000000000000000 18 18
v3/scores_outnellv3-p102.txt:relation_mr_mrr_1_3_10_n_rf 439.00000000000000000 0.08247537924420002 0.00000000000000000 0.00000000000000000 0.00000000000000000 6 0
v3/scores_outnellv3-p103.txt:relation_mr_mrr_1_3_10_n_rf 10.00000000000000000 3.70000000000000018 3.00000000000000000 4.00000000000000000 5.00000000000000000 5 5
v3/scores_outnellv3-p104.txt:relation_mr_mrr_1_3_10_n_rf 70.00000000000000000 2.21587301587301599 2.00000000000000000 2.00000000000000000 3.00000000000000000 4 3
v3/scores_outnellv3-p105.txt:relation_mr_mrr_1_3_10_n_rf 87.00000000000000000 5.97282608695652151 5.00000000000000000 7.00000000000000000 8.00000000000000000 9 8
v3/scores_outnellv3-p106.txt:relation_mr_mrr_1_3_10_n_rf 444.00000000000000000 0.08154783812678550 0.00000000000000000 0.00000000000000000 0.00000000000000000 6 0
v3/scores_outnellv3-p107.txt:relation_mr_mrr_1_3_10_n_rf 3041.00000000000000000 0.58352787965176767 0.00000000000000000 0.00000000000000000 0.00000000000000000 42 0
v3/scores_outnellv3-p108.txt:relation_mr_mrr_1_3_10_n_rf 3332.00000000000000000 3.63912633525022366 3.00000000000000000 3.00000000000000000 3.00000000000000000 49 3
v3/scores_outnellv3-p109.txt:relation_mr_mrr_1_3_10_n_rf 291.00000000000000000 0.05509104422147900 0.00000000000000000 0.00000000000000000 0.00000000000000000 4 0
v3/scores_outnellv3-p11.txt:relation_mr_mrr_1_3_10_n_rf 10.00000000000000000 10.00000000000000000 10.00000000000000000 10.00000000000000000 10.00000000000000000 10 10
v3/scores_outnellv3-p110.txt:relation_mr_mrr_1_3_10_n_rf 214.00000000000000000 0.04237354237354238 0.00000000000000000 0.00000000000000000 0.00000000000000000 3 0
v3/scores_outnellv3-p111.txt:relation_mr_mrr_1_3_10_n_rf 1142.00000000000000000 0.22516006036885042 0.00000000000000000 0.00000000000000000 0.00000000000000000 16 0
v3/scores_outnellv3-p112.txt:relation_mr_mrr_1_3_10_n_rf 0.00000000000000000 0.00000000000000000 0.00000000000000000 0.00000000000000000 0.00000000000000000 0 0
v3/scores_outnellv3-p113.txt:relation_mr_mrr_1_3_10_n_rf 217.00000000000000000 76.00138609434385728 67.00000000000000000 84.00000000000000000 91.00000000000000000 92 91
v3/scores_outnellv3-p114.txt:relation_mr_mrr_1_3_10_n_rf 161.00000000000000000 21.02886002886002714 21.00000000000000000 21.00000000000000000 21.00000000000000000 23 21
v3/scores_outnellv3-p115.txt:relation_mr_mrr_1_3_10_n_rf 775.00000000000000000 24.90863437072321318 14.00000000000000000 34.00000000000000000 44.00000000000000000 53 44
v3/scores_outnellv3-p116.txt:relation_mr_mrr_1_3_10_n_rf 379.00000000000000000 16.56947812860856573 16.00000000000000000 17.00000000000000000 17.00000000000000000 22 17
v3/scores_outnellv3-p117.txt:relation_mr_mrr_1_3_10_n_rf 82.00000000000000000 12.01428571428571423 12.00000000000000000 12.00000000000000000 12.00000000000000000 13 12
v3/scores_outnellv3-p118.txt:relation_mr_mrr_1_3_10_n_rf 193.00000000000000000 188.50000000000000000 187.00000000000000000 190.00000000000000000 190.00000000000000000 190 190
v3/scores_outnellv3-p119.txt:relation_mr_mrr_1_3_10_n_rf 1.00000000000000000 1.00000000000000000 1.00000000000000000 1.00000000000000000 1.00000000000000000 1 1
v3/scores_outnellv3-p12.txt:relation_mr_mrr_1_3_10_n_rf 85.00000000000000000 22.01587301587301582 22.00000000000000000 22.00000000000000000 22.00000000000000000 23 22
v3/scores_outnellv3-p120.txt:relation_mr_mrr_1_3_10_n_rf 354.00000000000000000 140.04237354237355362 140.00000000000000000 140.00000000000000000 140.00000000000000000 143 140
v3/scores_outnellv3-p121.txt:relation_mr_mrr_1_3_10_n_rf 2686.00000000000000000 1.01334413909800025 0.00000000000000000 1.00000000000000000 1.00000000000000000 38 1
v3/scores_outnellv3-p122.txt:relation_mr_mrr_1_3_10_n_rf 947.00000000000000000 0.17929167004353422 0.00000000000000000 0.00000000000000000 0.00000000000000000 13 0
v3/scores_outnellv3-p123.txt:relation_mr_mrr_1_3_10_n_rf 0.00000000000000000 0.00000000000000000 0.00000000000000000 0.00000000000000000 0.00000000000000000 0 0
v3/scores_outnellv3-p124.txt:relation_mr_mrr_1_3_10_n_rf 0.00000000000000000 0.00000000000000000 0.00000000000000000 0.00000000000000000 0.00000000000000000 0 0
v3/scores_outnellv3-p125.txt:relation_mr_mrr_1_3_10_n_rf 69.00000000000000000 4.51587301587301582 4.00000000000000000 5.00000000000000000 5.00000000000000000 6 5
v3/scores_outnellv3-p126.txt:relation_mr_mrr_1_3_10_n_rf 952.00000000000000000 114.84080403857576869 98.00000000000000000 126.00000000000000000 148.00000000000000000 157 148
v3/scores_outnellv3-p127.txt:relation_mr_mrr_1_3_10_n_rf 168.00000000000000000 11.02727272727272734 10.00000000000000000 12.00000000000000000 13.00000000000000000 15 13
v3/scores_outnellv3-p128.txt:relation_mr_mrr_1_3_10_n_rf 123.00000000000000000 38.87750455373406311 35.00000000000000000 42.00000000000000000 44.00000000000000000 45 44
v3/scores_outnellv3-p129.txt:relation_mr_mrr_1_3_10_n_rf 6896.00000000000000000 20.19919237222589103 14.00000000000000000 23.00000000000000000 27.00000000000000000 121 27
v3/scores_outnellv3-p13.txt:relation_mr_mrr_1_3_10_n_rf 15.00000000000000000 15.00000000000000000 15.00000000000000000 15.00000000000000000 15.00000000000000000 15 15
v3/scores_outnellv3-p130.txt:relation_mr_mrr_1_3_10_n_rf 710.00000000000000000 67.12669515048602875 67.00000000000000000 67.00000000000000000 67.00000000000000000 76 67
v3/scores_outnellv3-p131.txt:relation_mr_mrr_1_3_10_n_rf 1119.00000000000000000 1117.50000000000000000 1117.00000000000000000 1118.00000000000000000 1118.00000000000000000 1118 1118
v3/scores_outnellv3-p132.txt:relation_mr_mrr_1_3_10_n_rf 1955.00000000000000000 26.37988432449445853 26.00000000000000000 26.00000000000000000 26.00000000000000000 53 26
v3/scores_outnellv3-p133.txt:relation_mr_mrr_1_3_10_n_rf 15472.00000000000000000 100.78269373120654961 88.00000000000000000 108.00000000000000000 110.00000000000000000 322 110
v3/scores_outnellv3-p134.txt:relation_mr_mrr_1_3_10_n_rf 332.00000000000000000 118.04237354237355362 118.00000000000000000 118.00000000000000000 118.00000000000000000 121 118
v3/scores_outnellv3-p135.txt:relation_mr_mrr_1_3_10_n_rf 113.00000000000000000 113.00000000000000000 113.00000000000000000 113.00000000000000000 113.00000000000000000 113 113
v3/scores_outnellv3-p136.txt:relation_mr_mrr_1_3_10_n_rf 571.00000000000000000 0.11280626159714120 0.00000000000000000 0.00000000000000000 0.00000000000000000 8 0
v3/scores_outnellv3-p137.txt:relation_mr_mrr_1_3_10_n_rf 214.00000000000000000 0.04237354237354238 0.00000000000000000 0.00000000000000000 0.00000000000000000 3 0
v3/scores_outnellv3-p138.txt:relation_mr_mrr_1_3_10_n_rf 160.00000000000000000 1.55982456140350867 1.00000000000000000 2.00000000000000000 3.00000000000000000 5 3
v3/scores_outnellv3-p139.txt:relation_mr_mrr_1_3_10_n_rf 0.00000000000000000 0.00000000000000000 0.00000000000000000 0.00000000000000000 0.00000000000000000 0 0
v3/scores_outnellv3-p14.txt:relation_mr_mrr_1_3_10_n_rf 65.00000000000000000 2.01587301587301582 2.00000000000000000 2.00000000000000000 2.00000000000000000 3 2
v3/scores_outnellv3-p140.txt:relation_mr_mrr_1_3_10_n_rf 0.00000000000000000 0.00000000000000000 0.00000000000000000 0.00000000000000000 0.00000000000000000 0 0
v3/scores_outnellv3-p141.txt:relation_mr_mrr_1_3_10_n_rf 185.00000000000000000 134.53333333333330302 125.00000000000000000 145.00000000000000000 148.00000000000000000 148 148
v3/scores_outnellv3-p15.txt:relation_mr_mrr_1_3_10_n_rf 652.00000000000000000 7.62669515048603053 7.00000000000000000 8.00000000000000000 8.00000000000000000 17 8
v3/scores_outnellv3-p16.txt:relation_mr_mrr_1_3_10_n_rf 250.00000000000000000 36.04237354237353941 36.00000000000000000 36.00000000000000000 36.00000000000000000 39 36
v3/scores_outnellv3-p17.txt:relation_mr_mrr_1_3_10_n_rf 4801.00000000000000000 36.91868006474933850 36.00000000000000000 36.00000000000000000 36.00000000000000000 102 36
v3/scores_outnellv3-p18.txt:relation_mr_mrr_1_3_10_n_rf 259.00000000000000000 45.04237354237353941 45.00000000000000000 45.00000000000000000 45.00000000000000000 48 45
v3/scores_outnellv3-p19.txt:relation_mr_mrr_1_3_10_n_rf 6231.00000000000000000 220.15264088313210777 219.00000000000000000 219.00000000000000000 219.00000000000000000 302 219
v3/scores_outnellv3-p2.txt:relation_mr_mrr_1_3_10_n_rf 2620.00000000000000000 1.33111673538624653 0.00000000000000000 2.00000000000000000 2.00000000000000000 38 2
v3/scores_outnellv3-p20.txt:relation_mr_mrr_1_3_10_n_rf 358.00000000000000000 47.05665925665925187 38.00000000000000000 56.00000000000000000 56.00000000000000000 60 56
v3/scores_outnellv3-p21.txt:relation_mr_mrr_1_3_10_n_rf 284.00000000000000000 0.05665925665925666 0.00000000000000000 0.00000000000000000 0.00000000000000000 4 0
v3/scores_outnellv3-p22.txt:relation_mr_mrr_1_3_10_n_rf 503.00000000000000000 398.04166666666657193 376.00000000000000000 420.00000000000000000 426.00000000000000000 426 426
v3/scores_outnellv3-p23.txt:relation_mr_mrr_1_3_10_n_rf 702.00000000000000000 407.27404761904762154 372.00000000000000000 437.00000000000000000 459.00000000000000000 460 459
v3/scores_outnellv3-p24.txt:relation_mr_mrr_1_3_10_n_rf 2541.00000000000000000 17.55436104078010473 9.00000000000000000 28.00000000000000000 31.00000000000000000 65 31
v3/scores_outnellv3-p25.txt:relation_mr_mrr_1_3_10_n_rf 416.00000000000000000 194.31666666666674814 141.00000000000000000 252.00000000000000000 259.00000000000000000 259 259
v3/scores_outnellv3-p26.txt:relation_mr_mrr_1_3_10_n_rf 249.00000000000000000 102.38137254901958784 84.00000000000000000 122.00000000000000000 125.00000000000000000 126 125
v3/scores_outnellv3-p27.txt:relation_mr_mrr_1_3_10_n_rf 410.00000000000000000 195.98345817727840767 185.00000000000000000 207.00000000000000000 210.00000000000000000 212 210
v3/scores_outnellv3-p28.txt:relation_mr_mrr_1_3_10_n_rf 6302.00000000000000000 57.85075785940330917 9.00000000000000000 93.00000000000000000 163.00000000000000000 241 163
v3/scores_outnellv3-p29.txt:relation_mr_mrr_1_3_10_n_rf 12634.00000000000000000 43.31361328910468700 7.00000000000000000 68.00000000000000000 114.00000000000000000 282 114
v3/scores_outnellv3-p3.txt:relation_mr_mrr_1_3_10_n_rf 80.00000000000000000 5.34782608695652151 4.00000000000000000 7.00000000000000000 7.00000000000000000 8 7
v3/scores_outnellv3-p30.txt:relation_mr_mrr_1_3_10_n_rf 70.00000000000000000 7.01587301587301582 7.00000000000000000 7.00000000000000000 7.00000000000000000 8 7
v3/scores_outnellv3-p31.txt:relation_mr_mrr_1_3_10_n_rf 519.00000000000000000 10.09679725111755921 10.00000000000000000 10.00000000000000000 10.00000000000000000 17 10
v3/scores_outnellv3-p32.txt:relation_mr_mrr_1_3_10_n_rf 31.00000000000000000 2.28333333333333321 1.00000000000000000 2.00000000000000000 7.00000000000000000 7 7
v3/scores_outnellv3-p33.txt:relation_mr_mrr_1_3_10_n_rf 186.00000000000000000 3.43438375350140035 2.00000000000000000 4.00000000000000000 8.00000000000000000 10 8
v3/scores_outnellv3-p34.txt:relation_mr_mrr_1_3_10_n_rf 137.00000000000000000 0.02955133735979293 0.00000000000000000 0.00000000000000000 0.00000000000000000 2 0
v3/scores_outnellv3-p35.txt:relation_mr_mrr_1_3_10_n_rf 71.00000000000000000 8.01587301587301582 8.00000000000000000 8.00000000000000000 8.00000000000000000 9 8
v3/scores_outnellv3-p36.txt:relation_mr_mrr_1_3_10_n_rf 88.00000000000000000 34.79924242424242209 30.00000000000000000 40.00000000000000000 44.00000000000000000 45 45
v3/scores_outnellv3-p37.txt:relation_mr_mrr_1_3_10_n_rf 156.00000000000000000 0.31997607655502391 0.00000000000000000 0.00000000000000000 2.00000000000000000 4 2
v3/scores_outnellv3-p38.txt:relation_mr_mrr_1_3_10_n_rf 142.00000000000000000 2.02886002886002892 2.00000000000000000 2.00000000000000000 2.00000000000000000 4 2
v3/scores_outnellv3-p39.txt:relation_mr_mrr_1_3_10_n_rf 0.00000000000000000 0.00000000000000000 0.00000000000000000 0.00000000000000000 0.00000000000000000 0 0
v3/scores_outnellv3-p4.txt:relation_mr_mrr_1_3_10_n_rf 350.00000000000000000 311.33333333333337123 303.00000000000000000 321.00000000000000000 322.00000000000000000 322 322
v3/scores_outnellv3-p40.txt:relation_mr_mrr_1_3_10_n_rf 64.00000000000000000 0.01562500000000000 0.00000000000000000 0.00000000000000000 0.00000000000000000 1 0
v3/scores_outnellv3-p41.txt:relation_mr_mrr_1_3_10_n_rf 31.00000000000000000 31.00000000000000000 31.00000000000000000 31.00000000000000000 31.00000000000000000 31 31
v3/scores_outnellv3-p42.txt:relation_mr_mrr_1_3_10_n_rf 0.00000000000000000 0.00000000000000000 0.00000000000000000 0.00000000000000000 0.00000000000000000 0 0
v3/scores_outnellv3-p43.txt:relation_mr_mrr_1_3_10_n_rf 140.00000000000000000 0.02886002886002886 0.00000000000000000 0.00000000000000000 0.00000000000000000 2 0
v3/scores_outnellv3-p44.txt:relation_mr_mrr_1_3_10_n_rf 5.00000000000000000 0.20000000000000001 0.00000000000000000 0.00000000000000000 1.00000000000000000 1 1
v3/scores_outnellv3-p45.txt:relation_mr_mrr_1_3_10_n_rf 906.00000000000000000 906.00000000000000000 906.00000000000000000 906.00000000000000000 906.00000000000000000 906 906
v3/scores_outnellv3-p46.txt:relation_mr_mrr_1_3_10_n_rf 0.00000000000000000 0.00000000000000000 0.00000000000000000 0.00000000000000000 0.00000000000000000 0 0
v3/scores_outnellv3-p47.txt:relation_mr_mrr_1_3_10_n_rf 1.00000000000000000 1.00000000000000000 1.00000000000000000 1.00000000000000000 1.00000000000000000 1 1
v3/scores_outnellv3-p48.txt:relation_mr_mrr_1_3_10_n_rf 1949.00000000000000000 16.37900221511379328 16.00000000000000000 16.00000000000000000 16.00000000000000000 43 16
v3/scores_outnellv3-p49.txt:relation_mr_mrr_1_3_10_n_rf 74.00000000000000000 2.34782608695652151 2.00000000000000000 3.00000000000000000 3.00000000000000000 4 3
v3/scores_outnellv3-p5.txt:relation_mr_mrr_1_3_10_n_rf 1090.00000000000000000 264.22518037518040046 215.00000000000000000 309.00000000000000000 347.00000000000000000 354 348
v3/scores_outnellv3-p50.txt:relation_mr_mrr_1_3_10_n_rf 467.00000000000000000 0.77982958516295353 0.00000000000000000 1.00000000000000000 3.00000000000000000 9 3
v3/scores_outnellv3-p51.txt:relation_mr_mrr_1_3_10_n_rf 1062.00000000000000000 6.06817551581385306 1.00000000000000000 10.00000000000000000 14.00000000000000000 28 14
v3/scores_outnellv3-p52.txt:relation_mr_mrr_1_3_10_n_rf 160.00000000000000000 5.86236424394319044 3.00000000000000000 10.00000000000000000 10.00000000000000000 12 10
v3/scores_outnellv3-p53.txt:relation_mr_mrr_1_3_10_n_rf 287.00000000000000000 37.39279936648001268 23.00000000000000000 51.00000000000000000 60.00000000000000000 62 60
v3/scores_outnellv3-p54.txt:relation_mr_mrr_1_3_10_n_rf 507.00000000000000000 0.09718126159714120 0.00000000000000000 0.00000000000000000 0.00000000000000000 7 0
v3/scores_outnellv3-p55.txt:relation_mr_mrr_1_3_10_n_rf 63.00000000000000000 0.01587301587301587 0.00000000000000000 0.00000000000000000 0.00000000000000000 1 0
v3/scores_outnellv3-p56.txt:relation_mr_mrr_1_3_10_n_rf 234.00000000000000000 20.04237354237354296 20.00000000000000000 20.00000000000000000 20.00000000000000000 23 20
v3/scores_outnellv3-p57.txt:relation_mr_mrr_1_3_10_n_rf 160.00000000000000000 160.00000000000000000 160.00000000000000000 160.00000000000000000 160.00000000000000000 160 160
v3/scores_outnellv3-p58.txt:relation_mr_mrr_1_3_10_n_rf 232.00000000000000000 204.50000000000000000 197.00000000000000000 213.00000000000000000 213.00000000000000000 213 213
v3/scores_outnellv3-p59.txt:relation_mr_mrr_1_3_10_n_rf 1799.00000000000000000 16.35244071547189648 16.00000000000000000 16.00000000000000000 16.00000000000000000 41 16
v3/scores_outnellv3-p6.txt:relation_mr_mrr_1_3_10_n_rf 880.00000000000000000 154.41990240240244248 116.00000000000000000 176.00000000000000000 239.00000000000000000 243 239
v3/scores_outnellv3-p60.txt:relation_mr_mrr_1_3_10_n_rf 25.00000000000000000 25.00000000000000000 25.00000000000000000 25.00000000000000000 25.00000000000000000 25 25
v3/scores_outnellv3-p61.txt:relation_mr_mrr_1_3_10_n_rf 1656.00000000000000000 0.32068230372164946 0.00000000000000000 0.00000000000000000 0.00000000000000000 23 0
v3/scores_outnellv3-p62.txt:relation_mr_mrr_1_3_10_n_rf 246.00000000000000000 32.04237354237353941 32.00000000000000000 32.00000000000000000 32.00000000000000000 35 32
v3/scores_outnellv3-p63.txt:relation_mr_mrr_1_3_10_n_rf 4849.00000000000000000 24.43522207019813308 22.00000000000000000 25.00000000000000000 25.00000000000000000 92 25
v3/scores_outnellv3-p64.txt:relation_mr_mrr_1_3_10_n_rf 0.00000000000000000 0.00000000000000000 0.00000000000000000 0.00000000000000000 0.00000000000000000 0 0
v3/scores_outnellv3-p65.txt:relation_mr_mrr_1_3_10_n_rf 2018.00000000000000000 4.22654027638863194 1.00000000000000000 7.00000000000000000 7.00000000000000000 35 7
v3/scores_outnellv3-p66.txt:relation_mr_mrr_1_3_10_n_rf 0.00000000000000000 0.00000000000000000 0.00000000000000000 0.00000000000000000 0.00000000000000000 0 0
v3/scores_outnellv3-p67.txt:relation_mr_mrr_1_3_10_n_rf 0.00000000000000000 0.00000000000000000 0.00000000000000000 0.00000000000000000 0.00000000000000000 0 0
v3/scores_outnellv3-p68.txt:relation_mr_mrr_1_3_10_n_rf 0.00000000000000000 0.00000000000000000 0.00000000000000000 0.00000000000000000 0.00000000000000000 0 0
v3/scores_outnellv3-p69.txt:relation_mr_mrr_1_3_10_n_rf 6.00000000000000000 6.00000000000000000 6.00000000000000000 6.00000000000000000 6.00000000000000000 6 6
v3/scores_outnellv3-p7.txt:relation_mr_mrr_1_3_10_n_rf 96.00000000000000000 30.51562500000000000 30.00000000000000000 31.00000000000000000 31.00000000000000000 32 31
v3/scores_outnellv3-p70.txt:relation_mr_mrr_1_3_10_n_rf 0.00000000000000000 0.00000000000000000 0.00000000000000000 0.00000000000000000 0.00000000000000000 0 0
v3/scores_outnellv3-p71.txt:relation_mr_mrr_1_3_10_n_rf 335.00000000000000000 78.04219336219337322 64.00000000000000000 92.00000000000000000 92.00000000000000000 95 92
v3/scores_outnellv3-p72.txt:relation_mr_mrr_1_3_10_n_rf 1529.00000000000000000 7.79048997233095264 0.00000000000000000 5.00000000000000000 33.00000000000000000 52 33
v3/scores_outnellv3-p73.txt:relation_mr_mrr_1_3_10_n_rf 63.00000000000000000 0.01587301587301587 0.00000000000000000 0.00000000000000000 0.00000000000000000 1 0
v3/scores_outnellv3-p74.txt:relation_mr_mrr_1_3_10_n_rf 65.00000000000000000 0.01538461538461539 0.00000000000000000 0.00000000000000000 0.00000000000000000 1 0
v3/scores_outnellv3-p75.txt:relation_mr_mrr_1_3_10_n_rf 0.00000000000000000 0.00000000000000000 0.00000000000000000 0.00000000000000000 0.00000000000000000 0 0
v3/scores_outnellv3-p76.txt:relation_mr_mrr_1_3_10_n_rf 95.00000000000000000 95.00000000000000000 95.00000000000000000 95.00000000000000000 95.00000000000000000 95 95
v3/scores_outnellv3-p77.txt:relation_mr_mrr_1_3_10_n_rf 87.00000000000000000 48.45833333333333570 43.00000000000000000 53.00000000000000000 57.00000000000000000 57 57
v3/scores_outnellv3-p78.txt:relation_mr_mrr_1_3_10_n_rf 109.00000000000000000 43.50000000000000000 30.00000000000000000 62.00000000000000000 62.00000000000000000 62 62
v3/scores_outnellv3-p79.txt:relation_mr_mrr_1_3_10_n_rf 0.00000000000000000 0.00000000000000000 0.00000000000000000 0.00000000000000000 0.00000000000000000 0 0
v3/scores_outnellv3-p8.txt:relation_mr_mrr_1_3_10_n_rf 151.00000000000000000 9.36229166666666757 9.00000000000000000 10.00000000000000000 10.00000000000000000 12 10
v3/scores_outnellv3-p80.txt:relation_mr_mrr_1_3_10_n_rf 132.00000000000000000 75.91666666666667140 61.00000000000000000 92.00000000000000000 93.00000000000000000 93 93
v3/scores_outnellv3-p81.txt:relation_mr_mrr_1_3_10_n_rf 70.00000000000000000 1.76587301587301582 1.00000000000000000 2.00000000000000000 3.00000000000000000 4 3
v3/scores_outnellv3-p82.txt:relation_mr_mrr_1_3_10_n_rf 0.00000000000000000 0.00000000000000000 0.00000000000000000 0.00000000000000000 0.00000000000000000 0 0
v3/scores_outnellv3-p83.txt:relation_mr_mrr_1_3_10_n_rf 63.00000000000000000 0.01587301587301587 0.00000000000000000 0.00000000000000000 0.00000000000000000 1 0
v3/scores_outnellv3-p84.txt:relation_mr_mrr_1_3_10_n_rf 146.00000000000000000 1.02837162837162821 0.00000000000000000 2.00000000000000000 2.00000000000000000 4 2
v3/scores_outnellv3-p85.txt:relation_mr_mrr_1_3_10_n_rf 85.00000000000000000 14.51449275362318758 14.00000000000000000 15.00000000000000000 15.00000000000000000 16 15
v3/scores_outnellv3-p86.txt:relation_mr_mrr_1_3_10_n_rf 0.00000000000000000 0.00000000000000000 0.00000000000000000 0.00000000000000000 0.00000000000000000 0 0
v3/scores_outnellv3-p87.txt:relation_mr_mrr_1_3_10_n_rf 10.00000000000000000 7.00000000000000000 6.00000000000000000 8.00000000000000000 8.00000000000000000 8 8
v3/scores_outnellv3-p88.txt:relation_mr_mrr_1_3_10_n_rf 0.00000000000000000 0.00000000000000000 0.00000000000000000 0.00000000000000000 0.00000000000000000 0 0
v3/scores_outnellv3-p89.txt:relation_mr_mrr_1_3_10_n_rf 140.00000000000000000 0.02886002886002886 0.00000000000000000 0.00000000000000000 0.00000000000000000 2 0
v3/scores_outnellv3-p9.txt:relation_mr_mrr_1_3_10_n_rf 144.00000000000000000 4.02886002886002892 4.00000000000000000 4.00000000000000000 4.00000000000000000 6 4
v3/scores_outnellv3-p90.txt:relation_mr_mrr_1_3_10_n_rf 360.00000000000000000 346.50000000000000000 342.00000000000000000 351.00000000000000000 351.00000000000000000 351 351
v3/scores_outnellv3-p91.txt:relation_mr_mrr_1_3_10_n_rf 16.00000000000000000 8.50000000000000000 6.00000000000000000 11.00000000000000000 11.00000000000000000 11 11
v3/scores_outnellv3-p92.txt:relation_mr_mrr_1_3_10_n_rf 0.00000000000000000 0.00000000000000000 0.00000000000000000 0.00000000000000000 0.00000000000000000 0 0
v3/scores_outnellv3-p93.txt:relation_mr_mrr_1_3_10_n_rf 2.00000000000000000 2.00000000000000000 2.00000000000000000 2.00000000000000000 2.00000000000000000 2 2
v3/scores_outnellv3-p94.txt:relation_mr_mrr_1_3_10_n_rf 304.00000000000000000 35.52047619047618809 17.00000000000000000 54.00000000000000000 65.00000000000000000 67 65
v3/scores_outnellv3-p95.txt:relation_mr_mrr_1_3_10_n_rf 145.00000000000000000 4.02861201298701310 4.00000000000000000 4.00000000000000000 4.00000000000000000 6 4
v3/scores_outnellv3-p96.txt:relation_mr_mrr_1_3_10_n_rf 224.00000000000000000 6.54194534632034674 6.00000000000000000 7.00000000000000000 7.00000000000000000 10 7
v3/scores_outnellv3-p97.txt:relation_mr_mrr_1_3_10_n_rf 65.00000000000000000 2.01587301587301582 2.00000000000000000 2.00000000000000000 2.00000000000000000 3 2
v3/scores_outnellv3-p98.txt:relation_mr_mrr_1_3_10_n_rf 69.00000000000000000 6.01587301587301582 6.00000000000000000 6.00000000000000000 6.00000000000000000 7 6
v3/scores_outnellv3-p99.txt:relation_mr_mrr_1_3_10_n_rf 0.00000000000000000 0.00000000000000000 0.00000000000000000 0.00000000000000000 0.00000000000000000 0 0
MR 11.425
MRR 0.767752
HITS@1 70.9144
Coverage 85.8192
HITS@3 81.7336
HITS@10 85.7985
