========================================
ENTITY PREDICTION RESULTS
========================================
Relation prediction in progress: switch to entity prediction using report_stats_entities.
========================================
RELATION PREDICTION RESULTS
========================================
v1/scores_outnellv1-p0.txt:relation_mr_mrr_1_3_10_n_rf 9.00000000000000000 4.50000000000000000 3.00000000000000000 6.00000000000000000 6.00000000000000000 6 6
v1/scores_outnellv1-p1.txt:relation_mr_mrr_1_3_10_n_rf 202.00000000000000000 197.50000000000000000 196.00000000000000000 199.00000000000000000 199.00000000000000000 199 199
v1/scores_outnellv1-p10.txt:relation_mr_mrr_1_3_10_n_rf 89.00000000000000000 89.00000000000000000 89.00000000000000000 89.00000000000000000 89.00000000000000000 89 89
v1/scores_outnellv1-p11.txt:relation_mr_mrr_1_3_10_n_rf 243.00000000000000000 62.70000000000000284 4.00000000000000000 121.00000000000000000 122.00000000000000000 122 121
v1/scores_outnellv1-p12.txt:relation_mr_mrr_1_3_10_n_rf 2.00000000000000000 0.50000000000000000 0.00000000000000000 1.00000000000000000 1.00000000000000000 1 1
v1/scores_outnellv1-p13.txt:relation_mr_mrr_1_3_10_n_rf 3.00000000000000000 0.33333333333333331 0.00000000000000000 1.00000000000000000 1.00000000000000000 1 1
v1/scores_outnellv1-p2.txt:relation_mr_mrr_1_3_10_n_rf 199.00000000000000000 196.33333333333334281 196.00000000000000000 197.00000000000000000 197.00000000000000000 197 197
v1/scores_outnellv1-p3.txt:relation_mr_mrr_1_3_10_n_rf 438.00000000000000000 108.04444444444443718 8.00000000000000000 210.00000000000000000 212.00000000000000000 212 210
v1/scores_outnellv1-p4.txt:relation_mr_mrr_1_3_10_n_rf 13.00000000000000000 6.14285714285714324 6.00000000000000000 6.00000000000000000 7.00000000000000000 7 6
v1/scores_outnellv1-p5.txt:relation_mr_mrr_1_3_10_n_rf 1.00000000000000000 1.00000000000000000 1.00000000000000000 1.00000000000000000 1.00000000000000000 1 1
v1/scores_outnellv1-p6.txt:relation_mr_mrr_1_3_10_n_rf 1.00000000000000000 1.00000000000000000 1.00000000000000000 1.00000000000000000 1.00000000000000000 1 1
v1/scores_outnellv1-p7.txt:relation_mr_mrr_1_3_10_n_rf 1.00000000000000000 1.00000000000000000 1.00000000000000000 1.00000000000000000 1.00000000000000000 1 1
v1/scores_outnellv1-p8.txt:relation_mr_mrr_1_3_10_n_rf 1.00000000000000000 1.00000000000000000 1.00000000000000000 1.00000000000000000 1.00000000000000000 1 1
v1/scores_outnellv1-p9.txt:relation_mr_mrr_1_3_10_n_rf 392.00000000000000000 98.00000000000000000 0.00000000000000000 196.00000000000000000 196.00000000000000000 196 196
MR 1.54159
MRR 0.741832
HITS@1 48.9362
Coverage 99.6132
HITS@3 99.6132
HITS@10 100
