========================================
ENTITY PREDICTION RESULTS
========================================
Relation prediction in progress: switch to entity prediction using report_stats_entities.
========================================
RELATION PREDICTION RESULTS
========================================
v3/scores_outwnv3-p0.txt:relation_mr_mrr_1_3_10_n_rf 51.00000000000000000 34.11666666666666714 32.00000000000000000 36.00000000000000000 38.00000000000000000 38 38
v3/scores_outwnv3-p1.txt:relation_mr_mrr_1_3_10_n_rf 1919.00000000000000000 1848.50000000000000000 1825.00000000000000000 1872.00000000000000000 1872.00000000000000000 1872 1872
v3/scores_outwnv3-p10.txt:relation_mr_mrr_1_3_10_n_rf 56.00000000000000000 28.08333333333333215 22.00000000000000000 35.00000000000000000 36.00000000000000000 36 36
v3/scores_outwnv3-p2.txt:relation_mr_mrr_1_3_10_n_rf 2386.00000000000000000 863.51111111111072205 815.00000000000000000 839.00000000000000000 1075.00000000000000000 1075 827
v3/scores_outwnv3-p3.txt:relation_mr_mrr_1_3_10_n_rf 8009.00000000000000000 518.18142135641926416 114.00000000000000000 740.00000000000000000 1677.00000000000000000 1679 1025
v3/scores_outwnv3-p3.txt:relation_mr_mrr_1_3_10_n_rf 8009.00000000000000000 518.18142135641926416 114.00000000000000000 740.00000000000000000 1677.00000000000000000 1679 1025
v3/scores_outwnv3-p4.txt:relation_mr_mrr_1_3_10_n_rf 580.00000000000000000 224.00202020202010544 211.00000000000000000 218.00000000000000000 275.00000000000000000 276 214
v3/scores_outwnv3-p5.txt:relation_mr_mrr_1_3_10_n_rf 1590.00000000000000000 1529.59999999999990905 1519.00000000000000000 1540.00000000000000000 1545.00000000000000000 1545 1545
v3/scores_outwnv3-p5.txt:relation_mr_mrr_1_3_10_n_rf 1590.00000000000000000 1529.59999999999990905 1519.00000000000000000 1540.00000000000000000 1545.00000000000000000 1545 1545
v3/scores_outwnv3-p6.txt:relation_mr_mrr_1_3_10_n_rf 3928.00000000000000000 94.56688311688334636 1.00000000000000000 15.00000000000000000 579.00000000000000000 585 0
v3/scores_outwnv3-p7.txt:relation_mr_mrr_1_3_10_n_rf 759.00000000000000000 265.70674603174597905 248.00000000000000000 257.00000000000000000 337.00000000000000000 337 253
v3/scores_outwnv3-p8.txt:relation_mr_mrr_1_3_10_n_rf 6.00000000000000000 6.00000000000000000 6.00000000000000000 6.00000000000000000 6.00000000000000000 6 6
v3/scores_outwnv3-p9.txt:relation_mr_mrr_1_3_10_n_rf 57.00000000000000000 14.80277777777777715 13.00000000000000000 15.00000000000000000 21.00000000000000000 21 14
MR 2.70619
MRR 0.698976
HITS@1 60.2113
Coverage 78.5487
HITS@3 73.4337
HITS@10 99.8971
