00001740	0
00001930	1
00002137	2
00002325	3
00002452	4
00002573	5
00002684	6
00003316	7
00003356	8
00003553	9
00004227	10
00004258	11
00004475	12
00004605	13
00005041	14
00006484	15
00007347	16
00007846	17
00011757	18
00013160	19
00013328	20
00014549	21
00015388	22
00019128	23
00019613	24
00019792	25
00020827	26
00021939	27
00022686	28
00023100	29
00023271	30
00023773	31
00024264	32
00024720	33
00026192	34
00027167	35
00028565	36
00029378	37
00029677	38
00030358	39
00031921	40
00033020	41
00033615	42
00034213	43
00035189	44
00036762	45
00037396	46
00037457	47
00038750	48
00040325	49
00041188	50
00042311	51
00042457	52
00043195	53
00043411	54
00043902	55
00044150	56
00045250	57
00045646	58
00046522	59
00050693	60
00053913	61
00055315	62
00055633	63
00064479	64
00065184	65
00069295	66
00070641	67
00076341	68
00082241	69
00090708	70
00091968	71
00095971	72
00099951	73
00100543	74
00103834	75
00104539	76
00105333	77
00105479	78
00109660	79
00112312	80
00113113	81
00113726	82
00114431	83
00115036	84
00115157	85
00115667	86
00116619	87
00116687	88
00118523	89
00121366	90
00123170	91
00124880	92
00125629	93
00125841	94
00126264	95
00131018	96
00131426	97
00135311	98
00135504	99
00135952	100
00136991	101
00137313	102
00138956	103
00140123	104
00141806	105
00142191	106
00146138	107
00147454	108
00151087	109
00151497	110
00155143	111
00155298	112
00156390	113
00156625	114
00156812	115
00157081	116
00157957	117
00158804	118
00159177	119
00159620	120
00161243	121
00162632	122
00163592	123
00164345	124
00165942	125
00166146	126
00166172	127
00167934	128
00168658	129
00169806	130
00170156	131
00171586	132
00171590	133
00171852	134
00173159	135
00173338	136
00181781	137
00182213	138
00185857	139
00190999	140
00191142	141
00191980	142
00198451	143
00198631	144
00199130	145
00199707	146
00201671	147
00202236	148
00202284	149
00203342	150
00204943	151
00205046	152
00205349	153
00205598	154
00205885	155
00207418	156
00212173	157
00218045	158
00235435	159
00237078	160
00237869	161
00238022	162
00238527	163
00239230	164
00239910	165
00240184	166
00242583	167
00242808	168
00243373	169
00248659	170
00248977	171
00256507	172
00257535	173
00258854	174
00261029	175
00261405	176
00261533	177
00265386	178
00270215	179
00270826	180
00279835	181
00280586	182
00282050	183
00282485	184
00283127	185
00290276	186
00295701	187
00298497	188
00300441	189
00302394	190
00306426	191
00308370	192
00311809	193
00315986	194
00317888	195
00318035	196
00318735	197
00319176	198
00322457	199
00324384	200
00325110	201
00327031	202
00331655	203
00331950	204
00334509	205
00334935	206
00336922	207
00337210	208
00338641	209
00339464	210
00339934	211
00342980	212
00344040	213
00345761	214
00347610	215
00348746	216
00349369	217
00351824	218
00357275	219
00366858	220
00367685	221
00367976	222
00368109	223
00368592	224
00376063	225
00376400	226
00377169	227
00380083	228
00381680	229
00383390	230
00383606	231
00384620	232
00385791	233
00386915	234
00387657	235
00388065	236
00391599	237
00397760	238
00403149	239
00403401	240
00403609	241
00404222	242
00404642	243
00407090	244
00407535	245
00418025	246
00419644	247
00426581	248
00426928	249
00429048	250
00429322	251
00431552	252
00431893	253
00433232	254
00433458	255
00439343	256
00439826	257
00442267	258
00445802	259
00446493	260
00455599	261
00463246	262
00463543	263
00467451	264
00468480	265
00471613	266
00476389	267
00479076	268
00482298	269
00483801	270
00488770	271
00492677	272
00503164	273
00511817	274
00512487	275
00512749	276
00523513	277
00528990	278
00532607	279
00539546	280
00548802	281
00550282	282
00550771	283
00557588	284
00558371	285
00561036	286
00562398	287
00565302	288
00566135	289
00566298	290
00567044	291
00571609	292
00572489	293
00575720	294
00575741	295
00575970	296
00578116	297
00583246	298
00586262	299
00588888	300
00591236	301
00592883	302
00593108	303
00593732	304
00593944	305
00598215	306
00598954	307
00599992	308
00601783	309
00602805	310
00603298	311
00604811	312
00606370	313
00607405	314
00607775	315
00609506	316
00609683	317
00613393	318
00620752	319
00621476	320
00621627	321
00622068	322
00623151	323
00625393	324
00626800	325
00628491	326
00629738	327
00630223	328
00630380	329
00631737	330
00632627	331
00633265	332
00633443	333
00634472	334
00635012	335
00635205	336
00637259	337
00641252	338
00643250	339
00644503	340
00647094	341
00648977	342
00654625	343
00655779	344
00657260	345
00661824	346
00662589	347
00663353	348
00664483	349
00667424	350
00667747	351
00670261	352
00672017	353
00672277	354
00672433	355
00673766	356
00673983	357
00674607	358
00676450	359
00679389	360
00681429	361
00682230	362
00683280	363
00684480	364
00685638	365
00689344	366
00690614	367
00692329	368
00695523	369
00697589	370
00698855	371
00699626	372
00699815	373
00700708	374
00701040	375
00701877	376
00703512	377
00704388	378
00704690	379
00706243	380
00706975	381
00707366	382
00707956	383
00708980	384
00710005	385
00711550	386
00712419	387
00713167	388
00713818	389
00714884	390
00717358	391
00719734	392
00721437	393
00723056	394
00726300	395
00726784	396
00727573	397
00728641	398
00728849	399
00728975	400
00729108	401
00732552	402
00732746	403
00733483	404
00734054	405
00734348	406
00734587	407
00735936	408
00739082	409
00739340	410
00739662	411
00740053	412
00740577	413
00742320	414
00745005	415
00746718	416
00747418	417
00752144	418
00753428	419
00753881	420
00757544	421
00760402	422
00763399	423
00765649	424
00765977	425
00766234	426
00766418	427
00767826	428
00770270	429
00770437	430
00770543	431
00771632	432
00771961	433
00772189	434
00772640	435
00772967	436
00773402	437
00773432	438
00773814	439
00774344	440
00775156	441
00775831	442
00776059	443
00776523	444
00778275	445
00779061	446
00779360	447
00779601	448
00780191	449
00781000	450
00782527	451
00784533	452
00785690	453
00786195	454
00787218	455
00788097	456
00788973	457
00792471	458
00794079	459
00795720	460
00795863	461
00796315	462
00796976	463
00797430	464
00797878	465
00798245	466
00798539	467
00800940	468
00802318	469
00803325	470
00803617	471
00803815	472
00804802	473
00805034	474
00805376	475
00806502	476
00806902	477
00807178	478
00807461	479
00812274	480
00812526	481
00812580	482
00813044	483
00813790	484
00813978	485
00814850	486
00815686	487
00815801	488
00817680	489
00818466	490
00820976	491
00822367	492
00826509	493
00828082	494
00829107	495
00829378	496
00829761	497
00830761	498
00831191	499
00831651	500
00834198	501
00834259	502
00835032	503
00835267	504
00835294	505
00835903	506
00836236	507
00836788	508
00838856	509
00839619	510
00842989	511
00843468	512
00849357	513
00850501	514
00851239	515
00852506	516
00856824	517
00858781	518
00859001	519
00862683	520
00869126	521
00869596	522
00872886	523
00874067	524
00874621	525
00874806	526
00875246	527
00875394	528
00876442	529
00878136	530
00879356	531
00880269	532
00881649	533
00882948	534
00883297	535
00887081	536
00892467	537
00893167	538
00893435	539
00893741	540
00894738	541
00895304	542
00896141	543
00896497	544
00896803	545
00900070	546
00900726	547
00902424	548
00903385	549
00904690	550
00905852	551
00906367	552
00908492	553
00908672	554
00910135	555
00911048	556
00912960	557
00916123	558
00918872	559
00919424	560
00920336	561
00921300	562
00922867	563
00923995	564
00925207	565
00925873	566
00927017	567
00927261	568
00927430	569
00928630	570
00929718	571
00930368	572
00931040	573
00931852	574
00932324	575
00933420	576
00933821	577
00937656	578
00938247	579
00939628	580
00940412	581
00940709	582
00940842	583
00941777	584
00941974	585
00941990	586
00943281	587
00943563	588
00947077	589
00947128	590
00949134	591
00950431	592
00952963	593
00953559	594
00954311	595
00954608	596
00955148	597
00956687	598
00958880	599
00958896	600
00959376	601
00960851	602
00961001	603
00962447	604
00963452	605
00963570	606
00964343	607
00964694	608
00965035	609
00968211	610
00969873	611
00971650	612
00972621	613
00976487	614
00976653	615
00980453	616
00980779	617
00981083	618
00989602	619
00991838	620
00992041	621
00996969	622
00999787	623
01001689	624
01002956	625
01004582	626
01008378	627
01008801	628
01008947	629
01009240	630
01011725	631
01012073	632
01012360	633
01012712	634
01014066	635
01014990	636
01015244	637
01016316	638
01016832	639
01017320	640
01017987	641
01018928	642
01021420	643
01022008	644
01023820	645
01026975	646
01027668	647
01031256	648
01035530	649
01038666	650
01039162	651
01040707	652
01041762	653
01046984	654
01049685	655
01051956	656
01061320	657
01062817	658
01063697	659
01064560	660
01070102	661
01070777	662
01072262	663
01072949	664
01073995	665
01074498	666
01074694	667
01075164	668
01076615	669
01076793	670
01077350	671
01077887	672
01078783	673
01079172	674
01079480	675
01079873	676
01080064	677
01080366	678
01082454	679
01082606	680
01083077	681
01088381	682
01090335	683
01091427	684
01092366	685
01094725	686
01097960	687
01098869	688
01100145	689
01101329	690
01104637	691
01105259	692
01106864	693
01108148	694
01111816	695
01115349	696
01115916	697
01118449	698
01119169	699
01120069	700
01123598	701
01123765	702
01125429	703
01126360	704
01126961	705
01127019	706
01127075	707
01127215	708
01127245	709
01127795	710
01128193	711
01129876	712
01129920	713
01130169	714
01130455	715
01131197	716
01131473	717
01135952	718
01136519	719
01137138	720
01138670	721
01144133	722
01145359	723
01146576	724
01146918	725
01147060	726
01147451	727
01149138	728
01149470	729
01152396	730
01156438	731
01157138	732
01158872	733
01160031	734
01165692	735
01167710	736
01168569	737
01168961	738
01169317	739
01169744	740
01170175	741
01170813	742
01170962	743
01173038	744
01173965	745
01175316	746
01176431	747
01177033	748
01179707	749
01180695	750
01184814	751
01194331	752
01194483	753
01194938	754
01198101	755
01198779	756
01201089	757
01205696	758
01206218	759
01206849	760
01207951	761
01209678	762
01209953	763
01210737	764
01211019	765
01211098	766
01211339	767
01212572	768
01214265	769
01215392	770
01217043	771
01220636	772
01220984	773
01221790	774
01222360	775
01224031	776
01225783	777
01226215	778
01226240	779
01227675	780
01229938	781
01229976	782
01230241	783
01230283	784
01230350	785
01230555	786
01230710	787
01230965	788
01231252	789
01231652	790
01236164	791
01237167	792
01238424	793
01239064	794
01239359	795
01239494	796
01241073	797
01241767	798
01244410	799
01253060	800
01255967	801
01256417	802
01256600	803
01256743	804
01258617	805
01259458	806
01259691	807
01260867	808
01261490	809
01261974	810
01279631	811
01281611	812
01282014	813
01284271	814
01284461	815
01284908	816
01302019	817
01304716	818
01309143	819
01309701	820
01309991	821
01311103	822
01311378	823
01313923	824
01316619	825
01322509	826
01322675	827
01323449	828
01332730	829
01335804	830
01336635	831
01337224	832
01344293	833
01345109	834
01346003	835
01346804	836
01346978	837
01347678	838
01350449	839
01350994	840
01351170	841
01352996	842
01353169	843
01353226	844
01375637	845
01377032	846
01378556	847
01380122	848
01380638	849
01381549	850
01384439	851
01387786	852
01390616	853
01392080	854
01400044	855
01405044	856
01407904	857
01410223	858
01419982	859
01420765	860
01422886	861
01423285	862
01430111	863
01432353	864
01432474	865
01433294	866
01435380	867
01437254	868
01439190	869
01439745	870
01440378	871
01440801	872
01441100	873
01441510	874
01447257	875
01447632	876
01448100	877
01449053	878
01449974	879
01451842	880
01452255	881
01454810	882
01457954	883
01460421	884
01462005	885
01463963	886
01468058	887
01468327	888
01468576	889
01475282	890
01476483	891
01478002	892
01478423	893
01479333	894
01494310	895
01505254	896
01506157	897
01506583	898
01507143	899
01508368	900
01509584	901
01511706	902
01512259	903
01516534	904
01545883	905
01548718	906
01549187	907
01549719	908
01552519	909
01554799	910
01555742	911
01556921	912
01557614	913
01558883	914
01559055	915
01575146	916
01587062	917
01592456	918
01592774	919
01593614	920
01601234	921
01602318	922
01609287	923
01613463	924
01617192	925
01619354	926
01619725	927
01619929	928
01621555	929
01624633	930
01627355	931
01627965	932
01628302	933
01628449	934
01629276	935
01629958	936
01631534	937
01631830	938
01632411	939
01632897	940
01633343	941
01634142	942
01634424	943
01635056	944
01635176	945
01636397	946
01637166	947
01637982	948
01638368	949
01639714	950
01640207	951
01641914	952
01642437	953
01642924	954
01643657	955
01644050	956
01644522	957
01645601	958
01646300	959
01646866	960
01647229	961
01649999	962
01650610	963
01651293	964
01651444	965
01653013	966
01653442	967
01653873	968
01654628	969
01658188	970
01659248	971
01661804	972
01667132	973
01668603	974
01680132	975
01680756	976
01685313	977
01685601	978
01686132	979
01686439	980
01714208	981
01732172	982
01734300	983
01751545	984
01752884	985
01753788	986
01754105	987
01759326	988
01761706	989
01762528	990
01763813	991
01767661	992
01767949	993
01769843	994
01769902	995
01770501	996
01770802	997
01771390	998
01771535	999
01772960	1000
01774136	1001
01782519	1002
01787955	1003
01788733	1004
01789270	1005
01789514	1006
01791535	1007
01792567	1008
01793177	1009
01796346	1010
01803380	1011
01803936	1012
01806505	1013
01807314	1014
01807882	1015
01808626	1016
01810447	1017
01812720	1018
01817130	1019
01818235	1020
01818835	1021
01820901	1022
01824244	1023
01825671	1024
01831531	1025
01835496	1026
01840238	1027
01841079	1028
01843055	1029
01845720	1030
01846916	1031
01847845	1032
01848465	1033
01850315	1034
01853069	1035
01853696	1036
01855606	1037
01864634	1038
01865197	1039
01870889	1040
01871680	1041
01871979	1042
01872645	1043
01872877	1044
01873942	1045
01883716	1046
01886756	1047
01887020	1048
01887076	1049
01894758	1050
01895219	1051
01896031	1052
01896478	1053
01897667	1054
01898129	1055
01899262	1056
01904930	1057
01906322	1058
01921964	1059
01923414	1060
01925372	1061
01930874	1062
01932973	1063
01933900	1064
01935476	1065
01940403	1066
01941093	1067
01943406	1068
01947266	1069
01950798	1070
01951480	1071
01953810	1072
01963942	1073
01967104	1074
01968569	1075
01970646	1076
01970826	1077
01973759	1078
01974062	1079
01976089	1080
01978576	1081
01986869	1082
01988080	1083
01989053	1084
01989562	1085
01989669	1086
01989873	1087
01990281	1088
01990694	1089
01992503	1090
01993352	1091
01993549	1092
01993926	1093
01995211	1094
01995549	1095
01996377	1096
01996574	1097
01998793	1098
01999218	1099
01999423	1100
01999798	1101
02002720	1102
02012344	1103
02019716	1104
02020590	1105
02030424	1106
02035337	1107
02036578	1108
02037272	1109
02037472	1110
02037708	1111
02037989	1112
02045043	1113
02045790	1114
02051694	1115
02056466	1116
02056880	1117
02058994	1118
02060141	1119
02062212	1120
02072849	1121
02073714	1122
02075049	1123
02075462	1124
02079933	1125
02082690	1126
02087745	1127
02094569	1128
02102002	1129
02103162	1130
02106006	1131
02106506	1132
02107248	1133
02108377	1134
02108791	1135
02110927	1136
02111684	1137
02112029	1138
02112891	1139
02115778	1140
02116118	1141
02117333	1142
02118933	1143
02125223	1144
02127358	1145
02128066	1146
02128286	1147
02128873	1148
02130160	1149
02130300	1150
02137132	1151
02137907	1152
02143539	1153
02145543	1154
02147109	1155
02148788	1156
02151625	1157
02152212	1158
02153959	1159
02154312	1160
02154508	1161
02156063	1162
02157100	1163
02159955	1164
02163746	1165
02166460	1166
02170427	1167
02188699	1168
02190166	1169
02201644	1170
02202384	1171
02202928	1172
02212825	1173
02213074	1174
02228031	1175
02230247	1176
02230772	1177
02231661	1178
02232190	1179
02237338	1180
02241107	1181
02248465	1182
02259547	1183
02259829	1184
02260362	1185
02262542	1186
02270342	1187
02285629	1188
02286687	1189
02290956	1190
02297142	1191
02303761	1192
02304648	1193
02304982	1194
02309341	1195
02318464	1196
02321009	1197
02324478	1198
02327200	1199
02331262	1200
02339413	1201
02340543	1202
02348324	1203
02348568	1204
02348927	1205
02354287	1206
02354537	1207
02364448	1208
02367363	1209
02370806	1210
02372605	1211
02373015	1212
02373336	1213
02375131	1214
02376089	1215
02376277	1216
02376429	1217
02376958	1218
02377703	1219
02378623	1220
02379528	1221
02387034	1222
02387486	1223
02388950	1224
02390470	1225
02391803	1226
02392600	1227
02395782	1228
02400037	1229
02400760	1230
02406916	1231
02407338	1232
02407987	1233
02408965	1234
02410855	1235
02413480	1236
02418421	1237
02418686	1238
02419073	1239
02419773	1240
02422663	1241
02425462	1242
02426171	1243
02427103	1244
02428924	1245
02432530	1246
02434238	1247
02434976	1248
02436349	1249
02439501	1250
02440244	1251
02440523	1252
02448185	1253
02450256	1254
02450505	1255
02451370	1256
02451951	1257
02453889	1258
02455407	1259
02461723	1260
02462828	1261
02463205	1262
02463403	1263
02464693	1264
02467662	1265
02468617	1266
02468864	1267
02469274	1268
02469914	1269
02471762	1270
02472293	1271
02475922	1272
02480923	1273
02486932	1274
02492198	1275
02492362	1276
02495038	1277
02495922	1278
02502916	1279
02504131	1280
02504562	1281
02505141	1282
02505358	1283
02506546	1284
02510446	1285
02510879	1286
02511551	1287
02513740	1288
02517202	1289
02518161	1290
02521410	1291
02530167	1292
02531422	1293
02531625	1294
02536557	1295
02537812	1296
02543181	1297
02544348	1298
02554647	1299
02554922	1300
02556126	1301
02557199	1302
02558172	1303
02559752	1304
02560767	1305
02566528	1306
02567147	1307
02569130	1308
02569790	1309
02570062	1310
02577061	1311
02581073	1312
02583545	1313
02585050	1314
02586121	1315
02586458	1316
02589013	1317
02589576	1318
02592667	1319
02598143	1320
02600948	1321
02603540	1322
02603673	1323
02603699	1324
02604760	1325
02608347	1326
02608823	1327
02609203	1328
02610845	1329
02611002	1330
02611630	1331
02614181	1332
02615079	1333
02616713	1334
02618149	1335
02619924	1336
02623529	1337
02624263	1338
02625016	1339
02626604	1340
02634265	1341
02635659	1342
02636921	1343
02644050	1344
02656763	1345
02658283	1346
02660819	1347
02662297	1348
02665803	1349
02666882	1350
02667228	1351
02668523	1352
02670186	1353
02670683	1354
02673965	1355
02676496	1356
02676789	1357
02678384	1358
02679415	1359
02679899	1360
02681795	1361
02684924	1362
02685299	1363
02686568	1364
02687992	1365
02688443	1366
02689299	1367
02690708	1368
02690941	1369
02691156	1370
02693319	1371
02697725	1372
02698944	1373
02700867	1374
02701775	1375
02702120	1376
02707429	1377
02712243	1378
02713097	1379
02713218	1380
02713372	1381
02713852	1382
02716165	1383
02718543	1384
02719399	1385
02722782	1386
02724417	1387
02726017	1388
02727462	1389
02729023	1390
02730135	1391
02730568	1392
02733122	1393
02733187	1394
02734192	1395
02735688	1396
02736778	1397
02742638	1398
02743020	1399
02743261	1400
02744651	1401
02747709	1402
02749778	1403
02766328	1404
02766534	1405
02789271	1406
02796412	1407
02796623	1408
02840619	1409
02842445	1410
02848523	1411
02851099	1412
02853218	1413
02853449	1414
02860389	1415
02877704	1416
02887970	1417
02888133	1418
02889425	1419
02895606	1420
02897524	1421
02909006	1422
02911158	1423
02915055	1424
02932019	1425
02945971	1426
02950154	1427
02962200	1428
02981759	1429
02982790	1430
02983097	1431
02991048	1432
02991302	1433
02994448	1434
03005920	1435
03018802	1436
03043274	1437
03061081	1438
03061505	1439
03079741	1440
03081021	1441
03094503	1442
03100490	1443
03100897	1444
03110322	1445
03122748	1446
03125870	1447
03126385	1448
03129123	1449
03154073	1450
03154446	1451
03156405	1452
03180969	1453
03181293	1454
03183080	1455
03269401	1456
03278248	1457
03294048	1458
03294833	1459
03295928	1460
03308152	1461
03313873	1462
03315023	1463
03323703	1464
03327841	1465
03328076	1466
03328201	1467
03335030	1468
03365592	1469
03384535	1470
03385117	1471
03387016	1472
03391770	1473
03398467	1474
03401500	1475
03401721	1476
03408054	1477
03416329	1478
03424862	1479
03429288	1480
03450018	1481
03464467	1482
03490449	1483
03499142	1484
03501288	1485
03501614	1486
03510583	1487
03520811	1488
03526198	1489
03530910	1490
03536122	1491
03536348	1492
03536568	1493
03540595	1494
03541091	1495
03547658	1496
03571155	1497
03575240	1498
03619396	1499
03623556	1500
03624134	1501
03638883	1502
03658858	1503
03699975	1504
03700963	1505
03730153	1506
03733925	1507
03736970	1508
03738472	1509
03739518	1510
03746574	1511
03748886	1512
03764276	1513
03839993	1514
03840327	1515
03859958	1516
03892891	1517
03894379	1518
03918737	1519
03944672	1520
03964744	1521
03967942	1522
03996416	1523
04007664	1524
04007894	1525
04011827	1526
04013729	1527
04014297	1528
04019101	1529
04019696	1530
04021798	1531
04050410	1532
04059701	1533
04060647	1534
04076846	1535
04080833	1536
04081844	1537
04087126	1538
04096848	1539
04105893	1540
04151581	1541
04151940	1542
04152387	1543
04153751	1544
04164989	1545
04184435	1546
04187233	1547
04192698	1548
04211356	1549
04211528	1550
04213626	1551
04226537	1552
04250850	1553
04254777	1554
04261116	1555
04275661	1556
04281375	1557
04294426	1558
04320126	1559
04337740	1560
04341414	1561
04341686	1562
04359589	1563
04360501	1564
04361095	1565
04362025	1566
04384016	1567
04412901	1568
04424418	1569
04451818	1570
04453910	1571
04473432	1572
04474035	1573
04485226	1574
04490091	1575
04493505	1576
04519153	1577
04524313	1578
04526241	1579
04529962	1580
04530283	1581
04546855	1582
04549919	1583
04552348	1584
04561548	1585
04564698	1586
04574999	1587
04576211	1588
04590553	1589
04592741	1590
04616059	1591
04617562	1592
04618070	1593
04618781	1594
04620216	1595
04623113	1596
04635104	1597
04657876	1598
04660536	1599
04661151	1600
04662951	1601
04668819	1602
04669247	1603
04677514	1604
04683814	1605
04686003	1606
04687333	1607
04689660	1608
04723816	1609
04726938	1610
04728786	1611
04729328	1612
04754237	1613
04754440	1614
04761212	1615
04773351	1616
04773596	1617
04780605	1618
04781349	1619
04781755	1620
04800359	1621
04811126	1622
04812268	1623
04826235	1624
04827652	1625
04828255	1626
04835724	1627
04836683	1628
04837232	1629
04837425	1630
04838210	1631
04852750	1632
04861486	1633
04863969	1634
04868748	1635
04869569	1636
04871374	1637
04892084	1638
04895246	1639
04897762	1640
04910377	1641
05034225	1642
05035961	1643
05037813	1644
05043973	1645
05051249	1646
05051896	1647
05064037	1648
05088056	1649
05088324	1650
05123416	1651
05124057	1652
05138488	1653
05142180	1654
05143690	1655
05147940	1656
05148699	1657
05157866	1658
05190804	1659
05194151	1660
05194578	1661
05195362	1662
05199286	1663
05199869	1664
05200169	1665
05216365	1666
05217168	1667
05217688	1668
05217859	1669
05220461	1670
05221895	1671
05225090	1672
05225602	1673
05230357	1674
05230603	1675
05233420	1676
05236152	1677
05237227	1678
05237755	1679
05248181	1680
05249636	1681
05250659	1682
05254197	1683
05254795	1684
05256085	1685
05261404	1686
05261566	1687
05263850	1688
05264756	1689
05267548	1690
05268965	1691
05269901	1692
05271383	1693
05271814	1694
05272110	1695
05273684	1696
05273822	1697
05274808	1698
05275466	1699
05275651	1700
05279688	1701
05279953	1702
05280998	1703
05281189	1704
05282000	1705
05283816	1706
05284333	1707
05284851	1708
05285275	1709
05286536	1710
05287882	1711
05289057	1712
05289297	1713
05289861	1714
05290756	1715
05293597	1716
05293773	1717
05294819	1718
05296253	1719
05296639	1720
05296775	1721
05297523	1722
05298729	1723
05299178	1724
05301072	1725
05301392	1726
05301908	1727
05303402	1728
05305136	1729
05305806	1730
05309050	1731
05310351	1732
05311054	1733
05313115	1734
05313535	1735
05313822	1736
05314075	1737
05314255	1738
05314639	1739
05316175	1740
05318606	1741
05318831	1742
05319936	1743
05320362	1744
05320899	1745
05324553	1746
05325378	1747
05327767	1748
05328867	1749
05329215	1750
05329533	1751
05329735	1752
05332225	1753
05332569	1754
05333777	1755
05337055	1756
05338410	1757
05339357	1758
05340599	1759
05341920	1760
05342214	1761
05343542	1762
05343718	1763
05344514	1764
05344848	1765
05349659	1766
05352291	1767
05352433	1768
05367341	1769
05367735	1770
05367912	1771
05370410	1772
05370918	1773
05372428	1774
05373790	1775
05373924	1776
05376844	1777
05379734	1778
05380697	1779
05383467	1780
05385161	1781
05385534	1782
05386845	1783
05387167	1784
05387395	1785
05388805	1786
05389939	1787
05395098	1788
05395286	1789
05395548	1790
05395690	1791
05397468	1792
05398609	1793
05404074	1794
05405946	1795
05417975	1796
05418717	1797
05421414	1798
05426243	1799
05430095	1800
05432736	1801
05432948	1802
05433496	1803
05434557	1804
05434927	1805
05435277	1806
05435477	1807
05436080	1808
05436752	1809
05442131	1810
05444324	1811
05445668	1812
05447599	1813
05459769	1814
05461816	1815
05462057	1816
05462315	1817
05462674	1818
05464104	1819
05465567	1820
05465868	1821
05467054	1822
05467432	1823
05468849	1824
05469032	1825
05470189	1826
05471629	1827
05472032	1828
05473104	1829
05473735	1830
05473928	1831
05474346	1832
05474738	1833
05475681	1834
05476754	1835
05479314	1836
05480794	1837
05481095	1838
05485314	1839
05485554	1840
05491612	1841
05493303	1842
05495172	1843
05495981	1844
05496990	1845
05497363	1846
05500594	1847
05501185	1848
05501485	1849
05501711	1850
05502556	1851
05503705	1852
05504107	1853
05504532	1854
05505679	1855
05509889	1856
05510173	1857
05510702	1858
05511286	1859
05511618	1860
05512139	1861
05515670	1862
05516366	1863
05517578	1864
05528854	1865
05529159	1866
05529286	1867
05532225	1868
05532795	1869
05532944	1870
05533948	1871
05534174	1872
05534333	1873
05535484	1874
05536370	1875
05537806	1876
05538625	1877
05539138	1878
05539595	1879
05540121	1880
05540407	1881
05540513	1882
05541645	1883
05541872	1884
05542539	1885
05543177	1886
05543917	1887
05544078	1888
05544575	1889
05544725	1890
05544906	1891
05545047	1892
05545212	1893
05546040	1894
05546540	1895
05547396	1896
05547508	1897
05548840	1898
05549061	1899
05549830	1900
05550330	1901
05551318	1902
05551711	1903
05552607	1904
05553049	1905
05553288	1906
05555473	1907
05555688	1908
05555917	1909
05556204	1910
05556325	1911
05558717	1912
05559256	1913
05559727	1914
05559908	1915
05560244	1916
05560787	1917
05562249	1918
05563034	1919
05563266	1920
05563770	1921
05564323	1922
05564590	1923
05565696	1924
05566097	1925
05566504	1926
05566919	1927
05568767	1928
05570129	1929
05572940	1930
05573895	1931
05574151	1932
05576194	1933
05576950	1934
05577190	1935
05577410	1936
05577741	1937
05578095	1938
05578251	1939
05578442	1940
05578740	1941
05579944	1942
05580416	1943
05582305	1944
05584928	1945
05585205	1946
05585383	1947
05585665	1948
05588551	1949
05590366	1950
05590740	1951
05591256	1952
05593017	1953
05593476	1954
05593654	1955
05593871	1956
05594037	1957
05594367	1958
05595083	1959
05595531	1960
05596004	1961
05597594	1962
05598147	1963
05599203	1964
05599617	1965
05600637	1966
05601198	1967
05601357	1968
05601758	1969
05602132	1970
05602548	1971
05602835	1972
05603160	1973
05604950	1974
05609884	1975
05611302	1976
05616246	1977
05624700	1978
05633385	1979
05634219	1980
05635188	1981
05638063	1982
05650329	1983
05650579	1984
05651680	1985
05654362	1986
05655119	1987
05670710	1988
05670972	1989
05689249	1990
05691376	1991
05692419	1992
05692910	1993
05694791	1994
05701363	1995
05701944	1996
05702275	1997
05703429	1998
05704096	1999
05726345	2000
05726596	2001
05732756	2002
05733583	2003
05734559	2004
05735478	2005
05736149	2006
05753564	2007
05762149	2008
05763916	2009
05764197	2010
05766247	2011
05770664	2012
05770926	2013
05772215	2014
05772356	2015
05773049	2016
05773923	2017
05779371	2018
05779712	2019
05780104	2020
05784242	2021
05784831	2022
05785067	2023
05785508	2024
05785885	2025
05786372	2026
05788149	2027
05789432	2028
05790242	2029
05790572	2030
05792842	2031
05793000	2032
05793210	2033
05794403	2034
05794694	2035
05797177	2036
05803379	2037
05803938	2038
05807306	2039
05808218	2040
05809192	2041
05816287	2042
05816622	2043
05816790	2044
05817396	2045
05818741	2046
05822746	2047
05823054	2048
05823932	2049
05826469	2050
05827253	2051
05827684	2052
05828102	2053
05830059	2054
05831784	2055
05831939	2056
05833840	2057
05835747	2058
05836275	2059
05837957	2060
05838176	2061
05838765	2062
05839024	2063
05840650	2064
05845140	2065
05846054	2066
05849284	2067
05850823	2068
05853449	2069
05854150	2070
05854812	2071
05867413	2072
05869857	2073
05872982	2074
05888929	2075
05891783	2076
05898568	2077
05901508	2078
05902545	2079
05907682	2080
05908520	2081
05916739	2082
05917477	2083
05919866	2084
05922651	2085
05926676	2086
05928513	2087
05929008	2088
05930736	2089
05941037	2090
05941210	2091
05941423	2092
05943066	2093
05945508	2094
05945642	2095
05952490	2096
05952979	2097
05967097	2098
05967977	2099
05978159	2100
05978623	2101
05982152	2102
05984584	2103
05986948	2104
05989479	2105
05993844	2106
05996646	2107
05999266	2108
05999797	2109
06000400	2110
06037298	2111
06037666	2112
06045562	2113
06057539	2114
06060845	2115
06075527	2116
06078088	2117
06078327	2118
06080522	2119
06083243	2120
06090869	2121
06095022	2122
06123363	2123
06148148	2124
06182144	2125
06193203	2126
06196584	2127
06197664	2128
06199702	2129
06200178	2130
06200344	2131
06208021	2132
06208751	2133
06210363	2134
06251781	2135
06252138	2136
06252954	2137
06253140	2138
06253518	2139
06254007	2140
06259898	2141
06260121	2142
06282651	2143
06291318	2144
06324475	2145
06367107	2146
06367373	2147
06376154	2148
06389230	2149
06428646	2150
06470073	2151
06511874	2152
06528783	2153
06532330	2154
06539178	2155
06539770	2156
06598445	2157
06598915	2158
06601327	2159
06605396	2160
06605897	2161
06619428	2162
06628861	2163
06633363	2164
06634095	2165
06634239	2166
06634376	2167
06643408	2168
06648724	2169
06649567	2170
06650070	2171
06650701	2172
06652242	2173
06652878	2174
06671484	2175
06671637	2176
06686736	2177
06687178	2178
06691083	2179
06691442	2180
06693198	2181
06694540	2182
06694796	2183
06711159	2184
06721949	2185
06722453	2186
06727616	2187
06731510	2188
06732013	2189
06738281	2190
06740183	2191
06740402	2192
06740644	2193
06740919	2194
06741305	2195
06756407	2196
06757057	2197
06757891	2198
06770275	2199
06782019	2200
06782680	2201
06783598	2202
06786629	2203
06797169	2204
06797671	2205
06887726	2206
06891022	2207
07080868	2208
07109019	2209
07109196	2210
07129867	2211
07133701	2212
07138085	2213
07138915	2214
07139316	2215
07139700	2216
07140659	2217
07140978	2218
07142365	2219
07149836	2220
07150138	2221
07151380	2222
07151892	2223
07159791	2224
07160116	2225
07160296	2226
07160883	2227
07161429	2228
07162194	2229
07162545	2230
07162680	2231
07168623	2232
07169353	2233
07170467	2234
07170753	2235
07175241	2236
07177924	2237
07180183	2238
07180787	2239
07181043	2240
07181546	2241
07181935	2242
07183151	2243
07184149	2244
07184391	2245
07199565	2246
07200527	2247
07200813	2248
07201365	2249
07201804	2250
07203126	2251
07204401	2252
07205573	2253
07207273	2254
07207410	2255
07208000	2256
07208338	2257
07209305	2258
07212190	2259
07213395	2260
07214432	2261
07234230	2262
07237758	2263
07238102	2264
07240077	2265
07242104	2266
07245125	2267
07246036	2268
07246742	2269
07247071	2270
07248801	2271
07250339	2272
07251619	2273
07251984	2274
07252378	2275
07252764	2276
07262579	2277
07272172	2278
07283608	2279
07290905	2280
07291312	2281
07292694	2282
07296428	2283
07309781	2284
07311115	2285
07314277	2286
07323922	2287
07324380	2288
07324673	2289
07325190	2290
07326557	2291
07328942	2292
07335097	2293
07339329	2294
07348399	2295
07357388	2296
07361128	2297
07363346	2298
07363883	2299
07365849	2300
07370125	2301
07370270	2302
07370410	2303
07370671	2304
07372565	2305
07372779	2306
07373602	2307
07409592	2308
07423365	2309
07429976	2310
07436100	2311
07440979	2312
07445265	2313
07445480	2314
07445896	2315
07450842	2316
07452699	2317
07456188	2318
07456638	2319
07467846	2320
07477945	2321
07480068	2322
07491286	2323
07497976	2324
07501545	2325
07514345	2326
07518261	2327
07518468	2328
07528212	2329
07528470	2330
07540866	2331
07546465	2332
07547805	2333
07548366	2334
07550369	2335
07550666	2336
07939638	2337
07950920	2338
07951464	2339
07963987	2340
07965085	2341
07969695	2342
07993109	2343
07993279	2344
07997703	2345
08008335	2346
08054721	2347
08058098	2348
08060446	2349
08061042	2350
08064130	2351
08081403	2352
08132637	2353
08164585	2354
08189659	2355
08199025	2356
08208016	2357
08233056	2358
08239808	2359
08242100	2360
08310389	2361
08358594	2362
08359949	2363
08376051	2364
08381436	2365
08381636	2366
08406486	2367
08441203	2368
08462320	2369
08478482	2370
08482271	2371
08510666	2372
08550076	2373
08572467	2374
08573472	2375
08621598	2376
08626080	2377
08629508	2378
08651247	2379
08663354	2380
09178821	2381
09179776	2382
09184834	2383
09184975	2384
09206985	2385
09224911	2386
09257949	2387
09258715	2388
09279458	2389
09379111	2390
09385911	2391
09437454	2392
09451517	2393
09465459	2394
09470550	2395
09606009	2396
09608709	2397
09609871	2398
09610660	2399
09612131	2400
09612291	2401
09613191	2402
09614315	2403
09614684	2404
09615465	2405
09615807	2406
09616922	2407
09617867	2408
09623038	2409
09626589	2410
09629752	2411
09631129	2412
09632274	2413
09632518	2414
09633969	2415
09755241	2416
09762385	2417
09764900	2418
09773076	2419
09773245	2420
09773962	2421
09774266	2422
09774783	2423
09775663	2424
09792237	2425
09798534	2426
09802050	2427
09802239	2428
09811712	2429
09820263	2430
09821253	2431
09824361	2432
09826204	2433
09833997	2434
09839167	2435
09855630	2436
09870208	2437
09873348	2438
09878275	2439
09893600	2440
09897696	2441
09900981	2442
09901143	2443
09926862	2444
09929298	2445
09939313	2446
09961999	2447
09962789	2448
09962966	2449
09963914	2450
09968845	2451
09976429	2452
09977660	2453
09985279	2454
09997404	2455
09998101	2456
10002760	2457
10003283	2458
10014939	2459
10018021	2460
10019888	2461
10032676	2462
10035430	2463
10035809	2464
10045454	2465
10045713	2466
10046527	2467
10053808	2468
10056103	2469
10060175	2470
10063461	2471
10066732	2472
10068804	2473
10075529	2474
10090498	2475
10096217	2476
10107303	2477
10114897	2478
10115082	2479
10140051	2480
10150794	2481
10160012	2482
10161178	2483
10162194	2484
10162991	2485
10165448	2486
10178216	2487
10190516	2488
10191613	2489
10203949	2490
10205457	2491
10205985	2492
10206887	2493
10209082	2494
10209246	2495
10212780	2496
10213652	2497
10214062	2498
10214637	2499
10241300	2500
10249950	2501
10256537	2502
10261041	2503
10280674	2504
10284064	2505
10285762	2506
10292316	2507
10334957	2508
10335801	2509
10335931	2510
10336234	2511
10339504	2512
10345804	2513
10349243	2514
10355449	2515
10363913	2516
10380305	2517
10383237	2518
10383505	2519
10383816	2520
10387712	2521
10399299	2522
10401829	2523
10404672	2524
10407954	2525
10412055	2526
10415638	2527
10418101	2528
10418841	2529
10428004	2530
10429965	2531
10431625	2532
10433164	2533
10434725	2534
10435988	2535
10438172	2536
10439851	2537
10461424	2538
10461747	2539
10466918	2540
10476086	2541
10480018	2542
10480253	2543
10482220	2544
10484526	2545
10490699	2546
10495167	2547
10495756	2548
10498422	2549
10510339	2550
10510546	2551
10515194	2552
10517826	2553
10524413	2554
10524973	2555
10533013	2556
10538154	2557
10560637	2558
10577284	2559
10578762	2560
10596689	2561
10605848	2562
10605985	2563
10609092	2564
10615179	2565
10625860	2566
10626867	2567
10630188	2568
10631941	2569
10634316	2570
10637635	2571
10641551	2572
10644179	2573
10660333	2574
10665302	2575
10665698	2576
10673451	2577
10677713	2578
10681194	2579
10684630	2580
10692883	2581
10694258	2582
10695555	2583
10699752	2584
10700105	2585
10705615	2586
10708292	2587
10708454	2588
10709529	2589
10716005	2590
10717589	2591
10722385	2592
10722575	2593
10724699	2594
10728998	2595
10731244	2596
10737431	2597
10738515	2598
10741590	2599
10741821	2600
10742005	2601
10745894	2602
10771392	2603
10782940	2604
10786033	2605
10791221	2606
10794014	2607
11410625	2608
11412727	2609
11414411	2610
11414608	2611
11419404	2612
11452218	2613
11458624	2614
11495041	2615
11498040	2616
11498203	2617
11665372	2618
13086908	2619
13095685	2620
13096863	2621
13100677	2622
13102409	2623
13286640	2624
13413493	2625
13426376	2626
13428159	2627
13440063	2628
13446390	2629
13480667	2630
13486270	2631
13518963	2632
13526110	2633
13534274	2634
13536016	2635
13555446	2636
13558696	2637
13561719	2638
13572436	2639
13576355	2640
13583724	2641
13760316	2642
13773361	2643
13773539	2644
13780719	2645
13792579	2646
13793776	2647
13810323	2648
13812607	2649
13854649	2650
13855627	2651
13857486	2652
13858045	2653
13859043	2654
13860548	2655
13872421	2656
13896369	2657
13904843	2658
13907272	2659
13910384	2660
13911151	2661
13920835	2662
13924659	2663
13928388	2664
13929852	2665
13939892	2666
13941337	2667
13954253	2668
13961642	2669
13962166	2670
13962360	2671
13968547	2672
13980288	2673
13980845	2674
13982357	2675
14004317	2676
14006945	2677
14034177	2678
14035298	2679
14036203	2680
14037011	2681
14050143	2682
14052046	2683
14061462	2684
14285662	2685
14287113	2686
14298815	2687
14299637	2688
14311348	2689
14373582	2690
14379130	2691
14379501	2692
14379829	2693
14406573	2694
14407899	2695
14417146	2696
14419164	2697
14419510	2698
14422179	2699
14451349	2700
14474052	2701
14477667	2702
14481080	2703
14507951	2704
14548343	2705
14559983	2706
14563564	2707
14578471	2708
14686913	2709
14691822	2710
14755804	2711
14841267	2712
14842091	2713
14875077	2714
14877585	2715
14911057	2716
14960090	2717
15003969	2718
15055633	2719
15109745	2720
15113229	2721
15140405	2722
15140892	2723
15142167	2724
15144371	2725
15145171	2726
15180528	2727
15255641	2728
15255804	2729
15256022	2730
15256245	2731
15256915	2732
15257416	2733
15257553	2734
15257692	2735
15257829	2736
15258281	2737
15258450	2738
15258694	2739
15265518	2740
15271008	2741
15271417	2742
15274074	2743
15282696	2744
15292069	2745
