========================================
ENTITY PREDICTION RESULTS
========================================
Relation prediction in progress: switch to entity prediction using report_stats_entities.
========================================
RELATION PREDICTION RESULTS
========================================
v1/scores_outfbv1-p0.txt:relation_mr_mrr_1_3_10_n_rf 3.00000000000000000 3.00000000000000000 3.00000000000000000 3.00000000000000000 3.00000000000000000 3 3
v1/scores_outfbv1-p1.txt:relation_mr_mrr_1_3_10_n_rf 350.00000000000000000 0.04580370525646611 0.00000000000000000 0.00000000000000000 0.00000000000000000 4 0
v1/scores_outfbv1-p10.txt:relation_mr_mrr_1_3_10_n_rf 77.00000000000000000 69.83333333333334281 68.00000000000000000 72.00000000000000000 72.00000000000000000 72 72
v1/scores_outfbv1-p100.txt:relation_mr_mrr_1_3_10_n_rf 0.00000000000000000 0.00000000000000000 0.00000000000000000 0.00000000000000000 0.00000000000000000 0 0
v1/scores_outfbv1-p101.txt:relation_mr_mrr_1_3_10_n_rf 0.00000000000000000 0.00000000000000000 0.00000000000000000 0.00000000000000000 0.00000000000000000 0 0
v1/scores_outfbv1-p102.txt:relation_mr_mrr_1_3_10_n_rf 172.00000000000000000 4.02382302892796417 4.00000000000000000 4.00000000000000000 4.00000000000000000 6 4
v1/scores_outfbv1-p103.txt:relation_mr_mrr_1_3_10_n_rf 81.00000000000000000 0.01234567901234568 0.00000000000000000 0.00000000000000000 0.00000000000000000 1 0
v1/scores_outfbv1-p104.txt:relation_mr_mrr_1_3_10_n_rf 21.00000000000000000 21.00000000000000000 21.00000000000000000 21.00000000000000000 21.00000000000000000 21 21
v1/scores_outfbv1-p105.txt:relation_mr_mrr_1_3_10_n_rf 2.00000000000000000 2.00000000000000000 2.00000000000000000 2.00000000000000000 2.00000000000000000 2 2
v1/scores_outfbv1-p106.txt:relation_mr_mrr_1_3_10_n_rf 6.00000000000000000 6.00000000000000000 6.00000000000000000 6.00000000000000000 6.00000000000000000 6 6
v1/scores_outfbv1-p107.txt:relation_mr_mrr_1_3_10_n_rf 4.00000000000000000 4.00000000000000000 4.00000000000000000 4.00000000000000000 4.00000000000000000 4 4
v1/scores_outfbv1-p108.txt:relation_mr_mrr_1_3_10_n_rf 82.00000000000000000 0.01219512195121951 0.00000000000000000 0.00000000000000000 0.00000000000000000 1 0
v1/scores_outfbv1-p109.txt:relation_mr_mrr_1_3_10_n_rf 345.00000000000000000 0.04642262034777984 0.00000000000000000 0.00000000000000000 0.00000000000000000 4 0
v1/scores_outfbv1-p11.txt:relation_mr_mrr_1_3_10_n_rf 94.00000000000000000 88.33333333333332860 87.00000000000000000 90.00000000000000000 90.00000000000000000 90 90
v1/scores_outfbv1-p110.txt:relation_mr_mrr_1_3_10_n_rf 268.00000000000000000 8.53541036618095461 7.00000000000000000 10.00000000000000000 10.00000000000000000 13 10
v1/scores_outfbv1-p111.txt:relation_mr_mrr_1_3_10_n_rf 734.00000000000000000 51.09434658865634304 51.00000000000000000 51.00000000000000000 51.00000000000000000 59 51
v1/scores_outfbv1-p112.txt:relation_mr_mrr_1_3_10_n_rf 4.00000000000000000 4.00000000000000000 4.00000000000000000 4.00000000000000000 4.00000000000000000 4 4
v1/scores_outfbv1-p113.txt:relation_mr_mrr_1_3_10_n_rf 350.00000000000000000 0.04580370525646611 0.00000000000000000 0.00000000000000000 0.00000000000000000 4 0
v1/scores_outfbv1-p114.txt:relation_mr_mrr_1_3_10_n_rf 168.00000000000000000 1.02395982783357242 1.00000000000000000 1.00000000000000000 1.00000000000000000 3 1
v1/scores_outfbv1-p115.txt:relation_mr_mrr_1_3_10_n_rf 259.00000000000000000 0.03479471337103565 0.00000000000000000 0.00000000000000000 0.00000000000000000 3 0
v1/scores_outfbv1-p116.txt:relation_mr_mrr_1_3_10_n_rf 7.00000000000000000 5.50000000000000000 5.00000000000000000 6.00000000000000000 6.00000000000000000 6 6
v1/scores_outfbv1-p117.txt:relation_mr_mrr_1_3_10_n_rf 0.00000000000000000 0.00000000000000000 0.00000000000000000 0.00000000000000000 0.00000000000000000 0 0
v1/scores_outfbv1-p118.txt:relation_mr_mrr_1_3_10_n_rf 85.00000000000000000 3.01219512195121952 3.00000000000000000 3.00000000000000000 3.00000000000000000 4 3
v1/scores_outfbv1-p119.txt:relation_mr_mrr_1_3_10_n_rf 17.00000000000000000 17.00000000000000000 17.00000000000000000 17.00000000000000000 17.00000000000000000 17 17
v1/scores_outfbv1-p12.txt:relation_mr_mrr_1_3_10_n_rf 29.00000000000000000 29.00000000000000000 29.00000000000000000 29.00000000000000000 29.00000000000000000 29 29
v1/scores_outfbv1-p120.txt:relation_mr_mrr_1_3_10_n_rf 13.00000000000000000 8.50000000000000000 7.00000000000000000 10.00000000000000000 10.00000000000000000 10 10
v1/scores_outfbv1-p121.txt:relation_mr_mrr_1_3_10_n_rf 2499.00000000000000000 3.31579530369848685 3.00000000000000000 3.00000000000000000 3.00000000000000000 31 3
v1/scores_outfbv1-p122.txt:relation_mr_mrr_1_3_10_n_rf 4.00000000000000000 4.00000000000000000 4.00000000000000000 4.00000000000000000 4.00000000000000000 4 4
v1/scores_outfbv1-p123.txt:relation_mr_mrr_1_3_10_n_rf 3.00000000000000000 3.00000000000000000 3.00000000000000000 3.00000000000000000 3.00000000000000000 3 3
v1/scores_outfbv1-p124.txt:relation_mr_mrr_1_3_10_n_rf 16.00000000000000000 13.00000000000000000 12.00000000000000000 14.00000000000000000 14.00000000000000000 14 14
v1/scores_outfbv1-p125.txt:relation_mr_mrr_1_3_10_n_rf 16.00000000000000000 16.00000000000000000 16.00000000000000000 16.00000000000000000 16.00000000000000000 16 16
v1/scores_outfbv1-p126.txt:relation_mr_mrr_1_3_10_n_rf 2.00000000000000000 2.00000000000000000 2.00000000000000000 2.00000000000000000 2.00000000000000000 2 2
v1/scores_outfbv1-p127.txt:relation_mr_mrr_1_3_10_n_rf 0.00000000000000000 0.00000000000000000 0.00000000000000000 0.00000000000000000 0.00000000000000000 0 0
v1/scores_outfbv1-p128.txt:relation_mr_mrr_1_3_10_n_rf 112.00000000000000000 3.62982456140350873 1.00000000000000000 3.00000000000000000 10.00000000000000000 11 10
v1/scores_outfbv1-p129.txt:relation_mr_mrr_1_3_10_n_rf 3.00000000000000000 1.50000000000000000 1.00000000000000000 2.00000000000000000 2.00000000000000000 2 2
v1/scores_outfbv1-p13.txt:relation_mr_mrr_1_3_10_n_rf 136.00000000000000000 30.67901234567901270 26.00000000000000000 36.00000000000000000 37.00000000000000000 38 37
v1/scores_outfbv1-p130.txt:relation_mr_mrr_1_3_10_n_rf 6.00000000000000000 1.19999999999999996 1.00000000000000000 1.00000000000000000 2.00000000000000000 2 2
v1/scores_outfbv1-p131.txt:relation_mr_mrr_1_3_10_n_rf 0.00000000000000000 0.00000000000000000 0.00000000000000000 0.00000000000000000 0.00000000000000000 0 0
v1/scores_outfbv1-p132.txt:relation_mr_mrr_1_3_10_n_rf 0.00000000000000000 0.00000000000000000 0.00000000000000000 0.00000000000000000 0.00000000000000000 0 0
v1/scores_outfbv1-p133.txt:relation_mr_mrr_1_3_10_n_rf 181.00000000000000000 13.02382302892796240 13.00000000000000000 13.00000000000000000 13.00000000000000000 15 13
v1/scores_outfbv1-p134.txt:relation_mr_mrr_1_3_10_n_rf 168.00000000000000000 0.02382302892796370 0.00000000000000000 0.00000000000000000 0.00000000000000000 2 0
v1/scores_outfbv1-p135.txt:relation_mr_mrr_1_3_10_n_rf 0.00000000000000000 0.00000000000000000 0.00000000000000000 0.00000000000000000 0.00000000000000000 0 0
v1/scores_outfbv1-p136.txt:relation_mr_mrr_1_3_10_n_rf 351.00000000000000000 1.04580370525646615 1.00000000000000000 1.00000000000000000 1.00000000000000000 5 1
v1/scores_outfbv1-p137.txt:relation_mr_mrr_1_3_10_n_rf 3474.00000000000000000 37.42224450796865654 37.00000000000000000 37.00000000000000000 37.00000000000000000 75 37
v1/scores_outfbv1-p138.txt:relation_mr_mrr_1_3_10_n_rf 0.00000000000000000 0.00000000000000000 0.00000000000000000 0.00000000000000000 0.00000000000000000 0 0
v1/scores_outfbv1-p139.txt:relation_mr_mrr_1_3_10_n_rf 2.00000000000000000 2.00000000000000000 2.00000000000000000 2.00000000000000000 2.00000000000000000 2 2
v1/scores_outfbv1-p14.txt:relation_mr_mrr_1_3_10_n_rf 0.00000000000000000 0.00000000000000000 0.00000000000000000 0.00000000000000000 0.00000000000000000 0 0
v1/scores_outfbv1-p140.txt:relation_mr_mrr_1_3_10_n_rf 0.00000000000000000 0.00000000000000000 0.00000000000000000 0.00000000000000000 0.00000000000000000 0 0
v1/scores_outfbv1-p141.txt:relation_mr_mrr_1_3_10_n_rf 6.00000000000000000 6.00000000000000000 6.00000000000000000 6.00000000000000000 6.00000000000000000 6 6
v1/scores_outfbv1-p142.txt:relation_mr_mrr_1_3_10_n_rf 272.00000000000000000 14.03493414003907525 14.00000000000000000 14.00000000000000000 14.00000000000000000 17 14
v1/scores_outfbv1-p143.txt:relation_mr_mrr_1_3_10_n_rf 310.00000000000000000 48.03441201086204160 48.00000000000000000 48.00000000000000000 48.00000000000000000 51 48
v1/scores_outfbv1-p144.txt:relation_mr_mrr_1_3_10_n_rf 564.00000000000000000 61.07184455835176351 61.00000000000000000 61.00000000000000000 61.00000000000000000 67 61
v1/scores_outfbv1-p145.txt:relation_mr_mrr_1_3_10_n_rf 2838.00000000000000000 62.34797424121081377 62.00000000000000000 62.00000000000000000 62.00000000000000000 93 62
v1/scores_outfbv1-p146.txt:relation_mr_mrr_1_3_10_n_rf 1.00000000000000000 1.00000000000000000 1.00000000000000000 1.00000000000000000 1.00000000000000000 1 1
v1/scores_outfbv1-p147.txt:relation_mr_mrr_1_3_10_n_rf 0.00000000000000000 0.00000000000000000 0.00000000000000000 0.00000000000000000 0.00000000000000000 0 0
v1/scores_outfbv1-p148.txt:relation_mr_mrr_1_3_10_n_rf 257.00000000000000000 0.03505301118841909 0.00000000000000000 0.00000000000000000 0.00000000000000000 3 0
v1/scores_outfbv1-p149.txt:relation_mr_mrr_1_3_10_n_rf 2.00000000000000000 2.00000000000000000 2.00000000000000000 2.00000000000000000 2.00000000000000000 2 2
v1/scores_outfbv1-p15.txt:relation_mr_mrr_1_3_10_n_rf 0.00000000000000000 0.00000000000000000 0.00000000000000000 0.00000000000000000 0.00000000000000000 0 0
v1/scores_outfbv1-p150.txt:relation_mr_mrr_1_3_10_n_rf 0.00000000000000000 0.00000000000000000 0.00000000000000000 0.00000000000000000 0.00000000000000000 0 0
v1/scores_outfbv1-p151.txt:relation_mr_mrr_1_3_10_n_rf 82.00000000000000000 0.01219512195121951 0.00000000000000000 0.00000000000000000 0.00000000000000000 1 0
v1/scores_outfbv1-p152.txt:relation_mr_mrr_1_3_10_n_rf 4.00000000000000000 4.00000000000000000 4.00000000000000000 4.00000000000000000 4.00000000000000000 4 4
v1/scores_outfbv1-p153.txt:relation_mr_mrr_1_3_10_n_rf 0.00000000000000000 0.00000000000000000 0.00000000000000000 0.00000000000000000 0.00000000000000000 0 0
v1/scores_outfbv1-p154.txt:relation_mr_mrr_1_3_10_n_rf 89.00000000000000000 5.01190476190476186 5.00000000000000000 5.00000000000000000 5.00000000000000000 6 5
v1/scores_outfbv1-p155.txt:relation_mr_mrr_1_3_10_n_rf 168.00000000000000000 0.02382302892796370 0.00000000000000000 0.00000000000000000 0.00000000000000000 2 0
v1/scores_outfbv1-p156.txt:relation_mr_mrr_1_3_10_n_rf 351.00000000000000000 1.04580370525646615 1.00000000000000000 1.00000000000000000 1.00000000000000000 5 1
v1/scores_outfbv1-p157.txt:relation_mr_mrr_1_3_10_n_rf 0.00000000000000000 0.00000000000000000 0.00000000000000000 0.00000000000000000 0.00000000000000000 0 0
v1/scores_outfbv1-p158.txt:relation_mr_mrr_1_3_10_n_rf 85.00000000000000000 3.01219512195121952 3.00000000000000000 3.00000000000000000 3.00000000000000000 4 3
v1/scores_outfbv1-p159.txt:relation_mr_mrr_1_3_10_n_rf 16.00000000000000000 16.00000000000000000 16.00000000000000000 16.00000000000000000 16.00000000000000000 16 16
v1/scores_outfbv1-p16.txt:relation_mr_mrr_1_3_10_n_rf 0.00000000000000000 0.00000000000000000 0.00000000000000000 0.00000000000000000 0.00000000000000000 0 0
v1/scores_outfbv1-p160.txt:relation_mr_mrr_1_3_10_n_rf 1320.00000000000000000 0.17145710654034013 0.00000000000000000 0.00000000000000000 0.00000000000000000 15 0
v1/scores_outfbv1-p161.txt:relation_mr_mrr_1_3_10_n_rf 10.00000000000000000 8.50000000000000000 8.00000000000000000 9.00000000000000000 9.00000000000000000 9 9
v1/scores_outfbv1-p162.txt:relation_mr_mrr_1_3_10_n_rf 2.00000000000000000 2.00000000000000000 2.00000000000000000 2.00000000000000000 2.00000000000000000 2 2
v1/scores_outfbv1-p163.txt:relation_mr_mrr_1_3_10_n_rf 0.00000000000000000 0.00000000000000000 0.00000000000000000 0.00000000000000000 0.00000000000000000 0 0
v1/scores_outfbv1-p164.txt:relation_mr_mrr_1_3_10_n_rf 350.00000000000000000 0.04580370525646611 0.00000000000000000 0.00000000000000000 0.00000000000000000 4 0
v1/scores_outfbv1-p165.txt:relation_mr_mrr_1_3_10_n_rf 2.00000000000000000 2.00000000000000000 2.00000000000000000 2.00000000000000000 2.00000000000000000 2 2
v1/scores_outfbv1-p166.txt:relation_mr_mrr_1_3_10_n_rf 347.00000000000000000 0.04621070253092725 0.00000000000000000 0.00000000000000000 0.00000000000000000 4 0
v1/scores_outfbv1-p167.txt:relation_mr_mrr_1_3_10_n_rf 0.00000000000000000 0.00000000000000000 0.00000000000000000 0.00000000000000000 0.00000000000000000 0 0
v1/scores_outfbv1-p168.txt:relation_mr_mrr_1_3_10_n_rf 0.00000000000000000 0.00000000000000000 0.00000000000000000 0.00000000000000000 0.00000000000000000 0 0
v1/scores_outfbv1-p169.txt:relation_mr_mrr_1_3_10_n_rf 0.00000000000000000 0.00000000000000000 0.00000000000000000 0.00000000000000000 0.00000000000000000 0 0
v1/scores_outfbv1-p17.txt:relation_mr_mrr_1_3_10_n_rf 5.00000000000000000 3.50000000000000000 3.00000000000000000 4.00000000000000000 4.00000000000000000 4 4
v1/scores_outfbv1-p170.txt:relation_mr_mrr_1_3_10_n_rf 0.00000000000000000 0.00000000000000000 0.00000000000000000 0.00000000000000000 0.00000000000000000 0 0
v1/scores_outfbv1-p171.txt:relation_mr_mrr_1_3_10_n_rf 82.00000000000000000 0.01219512195121951 0.00000000000000000 0.00000000000000000 0.00000000000000000 1 0
v1/scores_outfbv1-p172.txt:relation_mr_mrr_1_3_10_n_rf 173.00000000000000000 6.02395982783357198 6.00000000000000000 6.00000000000000000 6.00000000000000000 8 6
v1/scores_outfbv1-p173.txt:relation_mr_mrr_1_3_10_n_rf 0.00000000000000000 0.00000000000000000 0.00000000000000000 0.00000000000000000 0.00000000000000000 0 0
v1/scores_outfbv1-p174.txt:relation_mr_mrr_1_3_10_n_rf 2.00000000000000000 0.50000000000000000 0.00000000000000000 1.00000000000000000 1.00000000000000000 1 1
v1/scores_outfbv1-p175.txt:relation_mr_mrr_1_3_10_n_rf 263.00000000000000000 3.53492063492063480 3.00000000000000000 4.00000000000000000 4.00000000000000000 7 4
v1/scores_outfbv1-p176.txt:relation_mr_mrr_1_3_10_n_rf 0.00000000000000000 0.00000000000000000 0.00000000000000000 0.00000000000000000 0.00000000000000000 0 0
v1/scores_outfbv1-p177.txt:relation_mr_mrr_1_3_10_n_rf 0.00000000000000000 0.00000000000000000 0.00000000000000000 0.00000000000000000 0.00000000000000000 0 0
v1/scores_outfbv1-p178.txt:relation_mr_mrr_1_3_10_n_rf 4.00000000000000000 4.00000000000000000 4.00000000000000000 4.00000000000000000 4.00000000000000000 4 4
v1/scores_outfbv1-p179.txt:relation_mr_mrr_1_3_10_n_rf 0.00000000000000000 0.00000000000000000 0.00000000000000000 0.00000000000000000 0.00000000000000000 0 0
v1/scores_outfbv1-p18.txt:relation_mr_mrr_1_3_10_n_rf 1.00000000000000000 1.00000000000000000 1.00000000000000000 1.00000000000000000 1.00000000000000000 1 1
v1/scores_outfbv1-p19.txt:relation_mr_mrr_1_3_10_n_rf 8.00000000000000000 1.69999999999999996 1.00000000000000000 2.00000000000000000 3.00000000000000000 3 3
v1/scores_outfbv1-p2.txt:relation_mr_mrr_1_3_10_n_rf 241.00000000000000000 71.02355875831486287 71.00000000000000000 71.00000000000000000 71.00000000000000000 73 71
v1/scores_outfbv1-p20.txt:relation_mr_mrr_1_3_10_n_rf 2.00000000000000000 0.50000000000000000 0.00000000000000000 1.00000000000000000 1.00000000000000000 1 1
v1/scores_outfbv1-p21.txt:relation_mr_mrr_1_3_10_n_rf 2.00000000000000000 2.00000000000000000 2.00000000000000000 2.00000000000000000 2.00000000000000000 2 2
v1/scores_outfbv1-p22.txt:relation_mr_mrr_1_3_10_n_rf 0.00000000000000000 0.00000000000000000 0.00000000000000000 0.00000000000000000 0.00000000000000000 0 0
v1/scores_outfbv1-p23.txt:relation_mr_mrr_1_3_10_n_rf 4.00000000000000000 4.00000000000000000 4.00000000000000000 4.00000000000000000 4.00000000000000000 4 4
v1/scores_outfbv1-p24.txt:relation_mr_mrr_1_3_10_n_rf 2.00000000000000000 2.00000000000000000 2.00000000000000000 2.00000000000000000 2.00000000000000000 2 2
v1/scores_outfbv1-p25.txt:relation_mr_mrr_1_3_10_n_rf 80.00000000000000000 0.01250000000000000 0.00000000000000000 0.00000000000000000 0.00000000000000000 1 0
v1/scores_outfbv1-p26.txt:relation_mr_mrr_1_3_10_n_rf 103.00000000000000000 16.51176470588235290 16.00000000000000000 17.00000000000000000 17.00000000000000000 18 17
v1/scores_outfbv1-p27.txt:relation_mr_mrr_1_3_10_n_rf 285.00000000000000000 15.36784345922276884 13.00000000000000000 18.00000000000000000 18.00000000000000000 21 18
v1/scores_outfbv1-p28.txt:relation_mr_mrr_1_3_10_n_rf 84.00000000000000000 2.01219512195121952 2.00000000000000000 2.00000000000000000 2.00000000000000000 3 2
v1/scores_outfbv1-p29.txt:relation_mr_mrr_1_3_10_n_rf 0.00000000000000000 0.00000000000000000 0.00000000000000000 0.00000000000000000 0.00000000000000000 0 0
v1/scores_outfbv1-p3.txt:relation_mr_mrr_1_3_10_n_rf 124.00000000000000000 42.01219512195122263 42.00000000000000000 42.00000000000000000 42.00000000000000000 43 42
v1/scores_outfbv1-p30.txt:relation_mr_mrr_1_3_10_n_rf 259.00000000000000000 1.03493414003907480 1.00000000000000000 1.00000000000000000 1.00000000000000000 4 1
v1/scores_outfbv1-p31.txt:relation_mr_mrr_1_3_10_n_rf 587.00000000000000000 0.08396452063863918 0.00000000000000000 0.00000000000000000 0.00000000000000000 7 0
v1/scores_outfbv1-p32.txt:relation_mr_mrr_1_3_10_n_rf 168.00000000000000000 0.02382302892796370 0.00000000000000000 0.00000000000000000 0.00000000000000000 2 0
v1/scores_outfbv1-p33.txt:relation_mr_mrr_1_3_10_n_rf 82.00000000000000000 0.01219512195121951 0.00000000000000000 0.00000000000000000 0.00000000000000000 1 0
v1/scores_outfbv1-p34.txt:relation_mr_mrr_1_3_10_n_rf 0.00000000000000000 0.00000000000000000 0.00000000000000000 0.00000000000000000 0.00000000000000000 0 0
v1/scores_outfbv1-p35.txt:relation_mr_mrr_1_3_10_n_rf 592.00000000000000000 3.08360335359482507 3.00000000000000000 3.00000000000000000 3.00000000000000000 10 3
v1/scores_outfbv1-p36.txt:relation_mr_mrr_1_3_10_n_rf 1759.00000000000000000 0.22873476724316838 0.00000000000000000 0.00000000000000000 0.00000000000000000 20 0
v1/scores_outfbv1-p37.txt:relation_mr_mrr_1_3_10_n_rf 0.00000000000000000 0.00000000000000000 0.00000000000000000 0.00000000000000000 0.00000000000000000 0 0
v1/scores_outfbv1-p38.txt:relation_mr_mrr_1_3_10_n_rf 0.00000000000000000 0.00000000000000000 0.00000000000000000 0.00000000000000000 0.00000000000000000 0 0
v1/scores_outfbv1-p39.txt:relation_mr_mrr_1_3_10_n_rf 0.00000000000000000 0.00000000000000000 0.00000000000000000 0.00000000000000000 0.00000000000000000 0 0
v1/scores_outfbv1-p4.txt:relation_mr_mrr_1_3_10_n_rf 701.00000000000000000 20.09447291881221176 20.00000000000000000 20.00000000000000000 20.00000000000000000 28 20
v1/scores_outfbv1-p40.txt:relation_mr_mrr_1_3_10_n_rf 589.00000000000000000 0.08360335359482508 0.00000000000000000 0.00000000000000000 0.00000000000000000 7 0
v1/scores_outfbv1-p41.txt:relation_mr_mrr_1_3_10_n_rf 0.00000000000000000 0.00000000000000000 0.00000000000000000 0.00000000000000000 0.00000000000000000 0 0
v1/scores_outfbv1-p42.txt:relation_mr_mrr_1_3_10_n_rf 0.00000000000000000 0.00000000000000000 0.00000000000000000 0.00000000000000000 0.00000000000000000 0 0
v1/scores_outfbv1-p43.txt:relation_mr_mrr_1_3_10_n_rf 2217.00000000000000000 0.28349109996571298 0.00000000000000000 0.00000000000000000 0.00000000000000000 25 0
v1/scores_outfbv1-p44.txt:relation_mr_mrr_1_3_10_n_rf 4505.00000000000000000 0.55797356375299956 0.00000000000000000 0.00000000000000000 0.00000000000000000 50 0
v1/scores_outfbv1-p45.txt:relation_mr_mrr_1_3_10_n_rf 351.00000000000000000 1.04580370525646615 1.00000000000000000 1.00000000000000000 1.00000000000000000 5 1
v1/scores_outfbv1-p46.txt:relation_mr_mrr_1_3_10_n_rf 1487.00000000000000000 3.19588004027079364 3.00000000000000000 3.00000000000000000 3.00000000000000000 20 3
v1/scores_outfbv1-p47.txt:relation_mr_mrr_1_3_10_n_rf 2.00000000000000000 2.00000000000000000 2.00000000000000000 2.00000000000000000 2.00000000000000000 2 2
v1/scores_outfbv1-p48.txt:relation_mr_mrr_1_3_10_n_rf 168.00000000000000000 0.02382302892796370 0.00000000000000000 0.00000000000000000 0.00000000000000000 2 0
v1/scores_outfbv1-p49.txt:relation_mr_mrr_1_3_10_n_rf 0.00000000000000000 0.00000000000000000 0.00000000000000000 0.00000000000000000 0.00000000000000000 0 0
v1/scores_outfbv1-p5.txt:relation_mr_mrr_1_3_10_n_rf 606.00000000000000000 18.08384507486701764 18.00000000000000000 18.00000000000000000 18.00000000000000000 25 18
v1/scores_outfbv1-p50.txt:relation_mr_mrr_1_3_10_n_rf 546.00000000000000000 101.37880874174661017 71.00000000000000000 132.00000000000000000 132.00000000000000000 136 132
v1/scores_outfbv1-p51.txt:relation_mr_mrr_1_3_10_n_rf 98.00000000000000000 9.51190476190476275 8.00000000000000000 11.00000000000000000 11.00000000000000000 12 11
v1/scores_outfbv1-p52.txt:relation_mr_mrr_1_3_10_n_rf 383.00000000000000000 2.53904193673590584 1.00000000000000000 2.00000000000000000 8.00000000000000000 12 8
v1/scores_outfbv1-p53.txt:relation_mr_mrr_1_3_10_n_rf 82.00000000000000000 0.01219512195121951 0.00000000000000000 0.00000000000000000 0.00000000000000000 1 0
v1/scores_outfbv1-p54.txt:relation_mr_mrr_1_3_10_n_rf 7.00000000000000000 5.50000000000000000 5.00000000000000000 6.00000000000000000 6.00000000000000000 6 6
v1/scores_outfbv1-p55.txt:relation_mr_mrr_1_3_10_n_rf 0.00000000000000000 0.00000000000000000 0.00000000000000000 0.00000000000000000 0.00000000000000000 0 0
v1/scores_outfbv1-p56.txt:relation_mr_mrr_1_3_10_n_rf 82.00000000000000000 0.01219512195121951 0.00000000000000000 0.00000000000000000 0.00000000000000000 1 0
v1/scores_outfbv1-p57.txt:relation_mr_mrr_1_3_10_n_rf 0.00000000000000000 0.00000000000000000 0.00000000000000000 0.00000000000000000 0.00000000000000000 0 0
v1/scores_outfbv1-p58.txt:relation_mr_mrr_1_3_10_n_rf 350.00000000000000000 2.04604525115018587 2.00000000000000000 2.00000000000000000 2.00000000000000000 6 2
v1/scores_outfbv1-p59.txt:relation_mr_mrr_1_3_10_n_rf 2410.00000000000000000 0.30470555427038148 0.00000000000000000 0.00000000000000000 0.00000000000000000 27 0
v1/scores_outfbv1-p6.txt:relation_mr_mrr_1_3_10_n_rf 273.00000000000000000 15.03492239467849245 15.00000000000000000 15.00000000000000000 15.00000000000000000 18 15
v1/scores_outfbv1-p60.txt:relation_mr_mrr_1_3_10_n_rf 512.00000000000000000 0.07049599118241763 0.00000000000000000 0.00000000000000000 0.00000000000000000 6 0
v1/scores_outfbv1-p61.txt:relation_mr_mrr_1_3_10_n_rf 13.00000000000000000 13.00000000000000000 13.00000000000000000 13.00000000000000000 13.00000000000000000 13 13
v1/scores_outfbv1-p62.txt:relation_mr_mrr_1_3_10_n_rf 254.00000000000000000 0.03558660440682913 0.00000000000000000 0.00000000000000000 0.00000000000000000 3 0
v1/scores_outfbv1-p63.txt:relation_mr_mrr_1_3_10_n_rf 92.00000000000000000 92.00000000000000000 92.00000000000000000 92.00000000000000000 92.00000000000000000 92 92
v1/scores_outfbv1-p64.txt:relation_mr_mrr_1_3_10_n_rf 39.00000000000000000 31.50000000000000000 29.00000000000000000 34.00000000000000000 34.00000000000000000 34 34
v1/scores_outfbv1-p65.txt:relation_mr_mrr_1_3_10_n_rf 303.00000000000000000 5.12782659193051593 1.00000000000000000 8.00000000000000000 13.00000000000000000 16 13
v1/scores_outfbv1-p66.txt:relation_mr_mrr_1_3_10_n_rf 82.00000000000000000 0.01219512195121951 0.00000000000000000 0.00000000000000000 0.00000000000000000 1 0
v1/scores_outfbv1-p67.txt:relation_mr_mrr_1_3_10_n_rf 10.00000000000000000 10.00000000000000000 10.00000000000000000 10.00000000000000000 10.00000000000000000 10 10
v1/scores_outfbv1-p68.txt:relation_mr_mrr_1_3_10_n_rf 350.00000000000000000 0.04574030838075782 0.00000000000000000 0.00000000000000000 0.00000000000000000 4 0
v1/scores_outfbv1-p69.txt:relation_mr_mrr_1_3_10_n_rf 1.00000000000000000 1.00000000000000000 1.00000000000000000 1.00000000000000000 1.00000000000000000 1 1
v1/scores_outfbv1-p7.txt:relation_mr_mrr_1_3_10_n_rf 4.00000000000000000 4.00000000000000000 4.00000000000000000 4.00000000000000000 4.00000000000000000 4 4
v1/scores_outfbv1-p70.txt:relation_mr_mrr_1_3_10_n_rf 826.00000000000000000 2.13057935303623180 0.00000000000000000 0.00000000000000000 10.00000000000000000 19 10
v1/scores_outfbv1-p71.txt:relation_mr_mrr_1_3_10_n_rf 513.00000000000000000 18.73129962078696309 15.00000000000000000 23.00000000000000000 27.00000000000000000 32 27
v1/scores_outfbv1-p72.txt:relation_mr_mrr_1_3_10_n_rf 13.00000000000000000 3.50000000000000000 2.00000000000000000 6.00000000000000000 6.00000000000000000 6 6
v1/scores_outfbv1-p73.txt:relation_mr_mrr_1_3_10_n_rf 94.00000000000000000 68.50000000000000000 60.00000000000000000 77.00000000000000000 77.00000000000000000 77 77
v1/scores_outfbv1-p74.txt:relation_mr_mrr_1_3_10_n_rf 2.00000000000000000 0.50000000000000000 0.00000000000000000 1.00000000000000000 1.00000000000000000 1 1
v1/scores_outfbv1-p75.txt:relation_mr_mrr_1_3_10_n_rf 589.00000000000000000 0.08366393092002850 0.00000000000000000 0.00000000000000000 0.00000000000000000 7 0
v1/scores_outfbv1-p76.txt:relation_mr_mrr_1_3_10_n_rf 373.00000000000000000 7.99517009578209059 7.00000000000000000 8.00000000000000000 10.00000000000000000 14 10
v1/scores_outfbv1-p77.txt:relation_mr_mrr_1_3_10_n_rf 835.00000000000000000 29.27160225087320100 21.00000000000000000 38.00000000000000000 38.00000000000000000 47 38
v1/scores_outfbv1-p78.txt:relation_mr_mrr_1_3_10_n_rf 81.00000000000000000 0.01234567901234568 0.00000000000000000 0.00000000000000000 0.00000000000000000 1 0
v1/scores_outfbv1-p79.txt:relation_mr_mrr_1_3_10_n_rf 169.00000000000000000 1.02382302892796373 1.00000000000000000 1.00000000000000000 1.00000000000000000 3 1
v1/scores_outfbv1-p8.txt:relation_mr_mrr_1_3_10_n_rf 96.00000000000000000 96.00000000000000000 96.00000000000000000 96.00000000000000000 96.00000000000000000 96 96
v1/scores_outfbv1-p80.txt:relation_mr_mrr_1_3_10_n_rf 11.00000000000000000 11.00000000000000000 11.00000000000000000 11.00000000000000000 11.00000000000000000 11 11
v1/scores_outfbv1-p81.txt:relation_mr_mrr_1_3_10_n_rf 2239.00000000000000000 22.28349109996571542 22.00000000000000000 22.00000000000000000 22.00000000000000000 47 22
v1/scores_outfbv1-p82.txt:relation_mr_mrr_1_3_10_n_rf 1.00000000000000000 1.00000000000000000 1.00000000000000000 1.00000000000000000 1.00000000000000000 1 1
v1/scores_outfbv1-p83.txt:relation_mr_mrr_1_3_10_n_rf 1325.00000000000000000 5.17145710654034030 5.00000000000000000 5.00000000000000000 5.00000000000000000 20 5
v1/scores_outfbv1-p84.txt:relation_mr_mrr_1_3_10_n_rf 0.00000000000000000 0.00000000000000000 0.00000000000000000 0.00000000000000000 0.00000000000000000 0 0
v1/scores_outfbv1-p85.txt:relation_mr_mrr_1_3_10_n_rf 774.00000000000000000 0.10522560698425941 0.00000000000000000 0.00000000000000000 0.00000000000000000 9 0
v1/scores_outfbv1-p86.txt:relation_mr_mrr_1_3_10_n_rf 0.00000000000000000 0.00000000000000000 0.00000000000000000 0.00000000000000000 0.00000000000000000 0 0
v1/scores_outfbv1-p87.txt:relation_mr_mrr_1_3_10_n_rf 3055.00000000000000000 0.38033167702029314 0.00000000000000000 0.00000000000000000 0.00000000000000000 34 0
v1/scores_outfbv1-p88.txt:relation_mr_mrr_1_3_10_n_rf 2.00000000000000000 2.00000000000000000 2.00000000000000000 2.00000000000000000 2.00000000000000000 2 2
v1/scores_outfbv1-p89.txt:relation_mr_mrr_1_3_10_n_rf 7.00000000000000000 7.00000000000000000 7.00000000000000000 7.00000000000000000 7.00000000000000000 7 7
v1/scores_outfbv1-p9.txt:relation_mr_mrr_1_3_10_n_rf 186.00000000000000000 175.50000000000000000 172.00000000000000000 179.00000000000000000 179.00000000000000000 179 179
v1/scores_outfbv1-p90.txt:relation_mr_mrr_1_3_10_n_rf 2.00000000000000000 2.00000000000000000 2.00000000000000000 2.00000000000000000 2.00000000000000000 2 2
v1/scores_outfbv1-p91.txt:relation_mr_mrr_1_3_10_n_rf 9.00000000000000000 0.45000000000000001 0.00000000000000000 0.00000000000000000 2.00000000000000000 2 2
v1/scores_outfbv1-p92.txt:relation_mr_mrr_1_3_10_n_rf 1.00000000000000000 1.00000000000000000 1.00000000000000000 1.00000000000000000 1.00000000000000000 1 1
v1/scores_outfbv1-p93.txt:relation_mr_mrr_1_3_10_n_rf 82.00000000000000000 0.01219512195121951 0.00000000000000000 0.00000000000000000 0.00000000000000000 1 0
v1/scores_outfbv1-p94.txt:relation_mr_mrr_1_3_10_n_rf 5.00000000000000000 5.00000000000000000 5.00000000000000000 5.00000000000000000 5.00000000000000000 5 5
v1/scores_outfbv1-p95.txt:relation_mr_mrr_1_3_10_n_rf 6.00000000000000000 6.00000000000000000 6.00000000000000000 6.00000000000000000 6.00000000000000000 6 6
v1/scores_outfbv1-p96.txt:relation_mr_mrr_1_3_10_n_rf 16.00000000000000000 1.66666666666666652 0.00000000000000000 3.00000000000000000 5.00000000000000000 5 5
v1/scores_outfbv1-p97.txt:relation_mr_mrr_1_3_10_n_rf 16.00000000000000000 14.50000000000000000 14.00000000000000000 15.00000000000000000 15.00000000000000000 15 15
v1/scores_outfbv1-p98.txt:relation_mr_mrr_1_3_10_n_rf 43.00000000000000000 43.00000000000000000 43.00000000000000000 43.00000000000000000 43.00000000000000000 43 43
v1/scores_outfbv1-p99.txt:relation_mr_mrr_1_3_10_n_rf 82.00000000000000000 0.01219512195121951 0.00000000000000000 0.00000000000000000 0.00000000000000000 1 0
MR 20.8411
MRR 0.723293
HITS@1 68.178
Coverage 77.2879
HITS@3 75.5824
HITS@10 77.2879
