========================================
ENTITY PREDICTION RESULTS
========================================
Relation prediction in progress: switch to entity prediction using report_stats_entities.
========================================
RELATION PREDICTION RESULTS
========================================
v3/scores_outfbv3-p0.txt:relation_mr_mrr_1_3_10_n_rf 40.00000000000000000 24.25000000000000000 20.00000000000000000 28.00000000000000000 29.00000000000000000 29 29
v3/scores_outfbv3-p1.txt:relation_mr_mrr_1_3_10_n_rf 0.00000000000000000 0.00000000000000000 0.00000000000000000 0.00000000000000000 0.00000000000000000 0 0
v3/scores_outfbv3-p10.txt:relation_mr_mrr_1_3_10_n_rf 1829.00000000000000000 513.92810516448025737 454.00000000000000000 567.00000000000000000 604.00000000000000000 613 605
v3/scores_outfbv3-p100.txt:relation_mr_mrr_1_3_10_n_rf 230.00000000000000000 0.01739261947973382 0.00000000000000000 0.00000000000000000 0.00000000000000000 2 0
v3/scores_outfbv3-p101.txt:relation_mr_mrr_1_3_10_n_rf 338.00000000000000000 0.02665187873899308 0.00000000000000000 0.00000000000000000 0.00000000000000000 3 0
v3/scores_outfbv3-p102.txt:relation_mr_mrr_1_3_10_n_rf 340.00000000000000000 0.02649065375569096 0.00000000000000000 0.00000000000000000 0.00000000000000000 3 0
v3/scores_outfbv3-p103.txt:relation_mr_mrr_1_3_10_n_rf 245.00000000000000000 15.01739261947973425 15.00000000000000000 15.00000000000000000 15.00000000000000000 17 15
v3/scores_outfbv3-p104.txt:relation_mr_mrr_1_3_10_n_rf 142.00000000000000000 39.28333333333333854 18.00000000000000000 61.00000000000000000 67.00000000000000000 67 67
v3/scores_outfbv3-p105.txt:relation_mr_mrr_1_3_10_n_rf 452.00000000000000000 1.03553196940979109 1.00000000000000000 1.00000000000000000 1.00000000000000000 5 1
v3/scores_outfbv3-p106.txt:relation_mr_mrr_1_3_10_n_rf 564.00000000000000000 4.04467574818772313 4.00000000000000000 4.00000000000000000 4.00000000000000000 9 4
v3/scores_outfbv3-p107.txt:relation_mr_mrr_1_3_10_n_rf 31.00000000000000000 2.31904761904761880 1.00000000000000000 2.00000000000000000 7.00000000000000000 7 7
v3/scores_outfbv3-p108.txt:relation_mr_mrr_1_3_10_n_rf 0.00000000000000000 0.00000000000000000 0.00000000000000000 0.00000000000000000 0.00000000000000000 0 0
v3/scores_outfbv3-p109.txt:relation_mr_mrr_1_3_10_n_rf 601.00000000000000000 5.71530270362726167 3.00000000000000000 7.00000000000000000 12.00000000000000000 17 12
v3/scores_outfbv3-p11.txt:relation_mr_mrr_1_3_10_n_rf 6589.00000000000000000 152.37884985128627591 110.00000000000000000 186.00000000000000000 224.00000000000000000 279 224
v3/scores_outfbv3-p110.txt:relation_mr_mrr_1_3_10_n_rf 118.00000000000000000 2.00862068965517260 2.00000000000000000 2.00000000000000000 2.00000000000000000 3 2
v3/scores_outfbv3-p111.txt:relation_mr_mrr_1_3_10_n_rf 116.00000000000000000 0.00862068965517241 0.00000000000000000 0.00000000000000000 0.00000000000000000 1 0
v3/scores_outfbv3-p112.txt:relation_mr_mrr_1_3_10_n_rf 119.00000000000000000 3.00862068965517260 3.00000000000000000 3.00000000000000000 3.00000000000000000 4 3
v3/scores_outfbv3-p113.txt:relation_mr_mrr_1_3_10_n_rf 0.00000000000000000 0.00000000000000000 0.00000000000000000 0.00000000000000000 0.00000000000000000 0 0
v3/scores_outfbv3-p114.txt:relation_mr_mrr_1_3_10_n_rf 739.00000000000000000 3.01998051261924516 0.00000000000000000 2.00000000000000000 13.00000000000000000 19 13
v3/scores_outfbv3-p115.txt:relation_mr_mrr_1_3_10_n_rf 1694.00000000000000000 72.12578921270787191 56.00000000000000000 88.00000000000000000 90.00000000000000000 104 90
v3/scores_outfbv3-p116.txt:relation_mr_mrr_1_3_10_n_rf 5407.00000000000000000 60.29310221686474591 35.00000000000000000 87.00000000000000000 98.00000000000000000 145 98
v3/scores_outfbv3-p117.txt:relation_mr_mrr_1_3_10_n_rf 447.00000000000000000 0.03582619066559858 0.00000000000000000 0.00000000000000000 0.00000000000000000 4 0
v3/scores_outfbv3-p118.txt:relation_mr_mrr_1_3_10_n_rf 1489.00000000000000000 38.11680752349207069 38.00000000000000000 38.00000000000000000 38.00000000000000000 51 38
v3/scores_outfbv3-p119.txt:relation_mr_mrr_1_3_10_n_rf 0.00000000000000000 0.00000000000000000 0.00000000000000000 0.00000000000000000 0.00000000000000000 0 0
v3/scores_outfbv3-p12.txt:relation_mr_mrr_1_3_10_n_rf 1589.00000000000000000 290.19712592120521322 240.00000000000000000 338.00000000000000000 357.00000000000000000 366 357
v3/scores_outfbv3-p120.txt:relation_mr_mrr_1_3_10_n_rf 0.00000000000000000 0.00000000000000000 0.00000000000000000 0.00000000000000000 0.00000000000000000 0 0
v3/scores_outfbv3-p121.txt:relation_mr_mrr_1_3_10_n_rf 0.00000000000000000 0.00000000000000000 0.00000000000000000 0.00000000000000000 0.00000000000000000 0 0
v3/scores_outfbv3-p122.txt:relation_mr_mrr_1_3_10_n_rf 0.00000000000000000 0.00000000000000000 0.00000000000000000 0.00000000000000000 0.00000000000000000 0 0
v3/scores_outfbv3-p123.txt:relation_mr_mrr_1_3_10_n_rf 1247.00000000000000000 0.09717677044103831 0.00000000000000000 0.00000000000000000 0.00000000000000000 11 0
v3/scores_outfbv3-p124.txt:relation_mr_mrr_1_3_10_n_rf 589.00000000000000000 29.04467574818772135 29.00000000000000000 29.00000000000000000 29.00000000000000000 34 29
v3/scores_outfbv3-p125.txt:relation_mr_mrr_1_3_10_n_rf 0.00000000000000000 0.00000000000000000 0.00000000000000000 0.00000000000000000 0.00000000000000000 0 0
v3/scores_outfbv3-p126.txt:relation_mr_mrr_1_3_10_n_rf 472.00000000000000000 1.68565356811291056 0.00000000000000000 3.00000000000000000 6.00000000000000000 10 6
v3/scores_outfbv3-p127.txt:relation_mr_mrr_1_3_10_n_rf 1822.00000000000000000 26.64441474657381193 20.00000000000000000 33.00000000000000000 33.00000000000000000 49 33
v3/scores_outfbv3-p128.txt:relation_mr_mrr_1_3_10_n_rf 119.00000000000000000 3.00862068965517260 3.00000000000000000 3.00000000000000000 3.00000000000000000 4 3
v3/scores_outfbv3-p129.txt:relation_mr_mrr_1_3_10_n_rf 672.00000000000000000 0.05360431961629390 0.00000000000000000 0.00000000000000000 0.00000000000000000 6 0
v3/scores_outfbv3-p13.txt:relation_mr_mrr_1_3_10_n_rf 2777.00000000000000000 122.21743303127357194 122.00000000000000000 122.00000000000000000 122.00000000000000000 146 122
v3/scores_outfbv3-p130.txt:relation_mr_mrr_1_3_10_n_rf 116.00000000000000000 0.00862068965517241 0.00000000000000000 0.00000000000000000 0.00000000000000000 1 0
v3/scores_outfbv3-p131.txt:relation_mr_mrr_1_3_10_n_rf 120.00000000000000000 4.00862068965517260 4.00000000000000000 4.00000000000000000 4.00000000000000000 5 4
v3/scores_outfbv3-p132.txt:relation_mr_mrr_1_3_10_n_rf 344.00000000000000000 2.52649065375569126 2.00000000000000000 3.00000000000000000 3.00000000000000000 6 3
v3/scores_outfbv3-p133.txt:relation_mr_mrr_1_3_10_n_rf 117.00000000000000000 0.50869565217391299 0.00000000000000000 1.00000000000000000 1.00000000000000000 2 1
v3/scores_outfbv3-p134.txt:relation_mr_mrr_1_3_10_n_rf 701.00000000000000000 9.21996778129887673 5.00000000000000000 14.00000000000000000 14.00000000000000000 20 14
v3/scores_outfbv3-p135.txt:relation_mr_mrr_1_3_10_n_rf 1399.00000000000000000 19.93930253714442458 16.00000000000000000 25.00000000000000000 25.00000000000000000 37 25
v3/scores_outfbv3-p136.txt:relation_mr_mrr_1_3_10_n_rf 8306.00000000000000000 231.33482785537233895 212.00000000000000000 252.00000000000000000 252.00000000000000000 325 252
v3/scores_outfbv3-p137.txt:relation_mr_mrr_1_3_10_n_rf 37.00000000000000000 37.00000000000000000 37.00000000000000000 37.00000000000000000 37.00000000000000000 37 37
v3/scores_outfbv3-p138.txt:relation_mr_mrr_1_3_10_n_rf 1250.00000000000000000 0.09697627437859836 0.00000000000000000 0.00000000000000000 0.00000000000000000 11 0
v3/scores_outfbv3-p139.txt:relation_mr_mrr_1_3_10_n_rf 233.00000000000000000 1.51739261947973381 1.00000000000000000 2.00000000000000000 2.00000000000000000 4 2
v3/scores_outfbv3-p14.txt:relation_mr_mrr_1_3_10_n_rf 1432.00000000000000000 60.87890862036670114 40.00000000000000000 65.00000000000000000 118.00000000000000000 127 118
v3/scores_outfbv3-p140.txt:relation_mr_mrr_1_3_10_n_rf 3.00000000000000000 0.33333333333333331 0.00000000000000000 1.00000000000000000 1.00000000000000000 1 1
v3/scores_outfbv3-p141.txt:relation_mr_mrr_1_3_10_n_rf 831.00000000000000000 9.56096840718819863 4.00000000000000000 15.00000000000000000 15.00000000000000000 22 15
v3/scores_outfbv3-p142.txt:relation_mr_mrr_1_3_10_n_rf 7.00000000000000000 5.50000000000000000 5.00000000000000000 6.00000000000000000 6.00000000000000000 6 6
v3/scores_outfbv3-p143.txt:relation_mr_mrr_1_3_10_n_rf 24.00000000000000000 21.00000000000000000 20.00000000000000000 22.00000000000000000 22.00000000000000000 22 22
v3/scores_outfbv3-p144.txt:relation_mr_mrr_1_3_10_n_rf 61.00000000000000000 47.08333333333332860 44.00000000000000000 50.00000000000000000 51.00000000000000000 51 51
v3/scores_outfbv3-p145.txt:relation_mr_mrr_1_3_10_n_rf 263.00000000000000000 95.59195402298848876 87.00000000000000000 106.00000000000000000 109.00000000000000000 110 109
v3/scores_outfbv3-p146.txt:relation_mr_mrr_1_3_10_n_rf 2315.00000000000000000 92.18034694216991909 92.00000000000000000 92.00000000000000000 92.00000000000000000 112 92
v3/scores_outfbv3-p147.txt:relation_mr_mrr_1_3_10_n_rf 340.00000000000000000 2.02665187873899288 2.00000000000000000 2.00000000000000000 2.00000000000000000 5 2
v3/scores_outfbv3-p148.txt:relation_mr_mrr_1_3_10_n_rf 460.00000000000000000 13.53599511853235704 13.00000000000000000 14.00000000000000000 14.00000000000000000 18 14
v3/scores_outfbv3-p149.txt:relation_mr_mrr_1_3_10_n_rf 0.00000000000000000 0.00000000000000000 0.00000000000000000 0.00000000000000000 0.00000000000000000 0 0
v3/scores_outfbv3-p15.txt:relation_mr_mrr_1_3_10_n_rf 364.00000000000000000 12.02650191998018059 8.00000000000000000 16.00000000000000000 16.00000000000000000 19 16
v3/scores_outfbv3-p150.txt:relation_mr_mrr_1_3_10_n_rf 6.00000000000000000 4.50000000000000000 4.00000000000000000 5.00000000000000000 5.00000000000000000 5 5
v3/scores_outfbv3-p151.txt:relation_mr_mrr_1_3_10_n_rf 954.00000000000000000 40.07015132816330549 40.00000000000000000 40.00000000000000000 40.00000000000000000 48 40
v3/scores_outfbv3-p152.txt:relation_mr_mrr_1_3_10_n_rf 118.00000000000000000 2.00862068965517260 2.00000000000000000 2.00000000000000000 2.00000000000000000 3 2
v3/scores_outfbv3-p153.txt:relation_mr_mrr_1_3_10_n_rf 240.00000000000000000 1.05072595281306702 0.00000000000000000 2.00000000000000000 3.00000000000000000 5 3
v3/scores_outfbv3-p154.txt:relation_mr_mrr_1_3_10_n_rf 0.00000000000000000 0.00000000000000000 0.00000000000000000 0.00000000000000000 0.00000000000000000 0 0
v3/scores_outfbv3-p155.txt:relation_mr_mrr_1_3_10_n_rf 563.00000000000000000 2.04459947053707358 2.00000000000000000 2.00000000000000000 2.00000000000000000 7 2
v3/scores_outfbv3-p156.txt:relation_mr_mrr_1_3_10_n_rf 2485.00000000000000000 7.31507612009607211 6.00000000000000000 6.00000000000000000 12.00000000000000000 34 12
v3/scores_outfbv3-p157.txt:relation_mr_mrr_1_3_10_n_rf 508.00000000000000000 9.19787915385741428 6.00000000000000000 9.00000000000000000 18.00000000000000000 22 18
v3/scores_outfbv3-p158.txt:relation_mr_mrr_1_3_10_n_rf 123.00000000000000000 0.17521367521367520 0.00000000000000000 0.00000000000000000 1.00000000000000000 2 1
v3/scores_outfbv3-p159.txt:relation_mr_mrr_1_3_10_n_rf 117.00000000000000000 1.00862068965517238 1.00000000000000000 1.00000000000000000 1.00000000000000000 2 1
v3/scores_outfbv3-p16.txt:relation_mr_mrr_1_3_10_n_rf 0.00000000000000000 0.00000000000000000 0.00000000000000000 0.00000000000000000 0.00000000000000000 0 0
v3/scores_outfbv3-p160.txt:relation_mr_mrr_1_3_10_n_rf 11117.00000000000000000 1.93960600574578668 1.00000000000000000 1.00000000000000000 1.00000000000000000 103 1
v3/scores_outfbv3-p161.txt:relation_mr_mrr_1_3_10_n_rf 446.00000000000000000 0.03591113799825234 0.00000000000000000 0.00000000000000000 0.00000000000000000 4 0
v3/scores_outfbv3-p162.txt:relation_mr_mrr_1_3_10_n_rf 1460.00000000000000000 9.11680752349206358 9.00000000000000000 9.00000000000000000 9.00000000000000000 22 9
v3/scores_outfbv3-p163.txt:relation_mr_mrr_1_3_10_n_rf 448.00000000000000000 1.03582619066559856 1.00000000000000000 1.00000000000000000 1.00000000000000000 5 1
v3/scores_outfbv3-p164.txt:relation_mr_mrr_1_3_10_n_rf 2024.00000000000000000 9.66245948798974652 6.00000000000000000 14.00000000000000000 14.00000000000000000 32 14
v3/scores_outfbv3-p165.txt:relation_mr_mrr_1_3_10_n_rf 230.00000000000000000 0.01739261947973382 0.00000000000000000 0.00000000000000000 0.00000000000000000 2 0
v3/scores_outfbv3-p166.txt:relation_mr_mrr_1_3_10_n_rf 118.00000000000000000 2.00862068965517260 2.00000000000000000 2.00000000000000000 2.00000000000000000 3 2
v3/scores_outfbv3-p167.txt:relation_mr_mrr_1_3_10_n_rf 585.00000000000000000 25.04467574818772135 25.00000000000000000 25.00000000000000000 25.00000000000000000 30 25
v3/scores_outfbv3-p168.txt:relation_mr_mrr_1_3_10_n_rf 0.00000000000000000 0.00000000000000000 0.00000000000000000 0.00000000000000000 0.00000000000000000 0 0
v3/scores_outfbv3-p169.txt:relation_mr_mrr_1_3_10_n_rf 1248.00000000000000000 1.09718270386724437 1.00000000000000000 1.00000000000000000 1.00000000000000000 12 1
v3/scores_outfbv3-p17.txt:relation_mr_mrr_1_3_10_n_rf 4168.00000000000000000 0.34717250315763809 0.00000000000000000 0.00000000000000000 0.00000000000000000 38 0
v3/scores_outfbv3-p170.txt:relation_mr_mrr_1_3_10_n_rf 181.00000000000000000 181.00000000000000000 181.00000000000000000 181.00000000000000000 181.00000000000000000 181 181
v3/scores_outfbv3-p171.txt:relation_mr_mrr_1_3_10_n_rf 240.00000000000000000 5.51739261947973425 4.00000000000000000 7.00000000000000000 7.00000000000000000 9 7
v3/scores_outfbv3-p172.txt:relation_mr_mrr_1_3_10_n_rf 1670.00000000000000000 2.63538942922615282 2.00000000000000000 3.00000000000000000 3.00000000000000000 18 3
v3/scores_outfbv3-p173.txt:relation_mr_mrr_1_3_10_n_rf 6251.00000000000000000 44.48680520362280788 14.00000000000000000 76.00000000000000000 89.00000000000000000 144 89
v3/scores_outfbv3-p174.txt:relation_mr_mrr_1_3_10_n_rf 4361.00000000000000000 87.37512398043007522 54.00000000000000000 110.00000000000000000 150.00000000000000000 186 150
v3/scores_outfbv3-p175.txt:relation_mr_mrr_1_3_10_n_rf 3752.00000000000000000 679.25568464399498225 679.00000000000000000 679.00000000000000000 679.00000000000000000 707 679
v3/scores_outfbv3-p176.txt:relation_mr_mrr_1_3_10_n_rf 688.00000000000000000 16.05360431961629075 16.00000000000000000 16.00000000000000000 16.00000000000000000 22 16
v3/scores_outfbv3-p177.txt:relation_mr_mrr_1_3_10_n_rf 153.00000000000000000 4.02514124293785347 2.00000000000000000 4.00000000000000000 10.00000000000000000 11 10
v3/scores_outfbv3-p178.txt:relation_mr_mrr_1_3_10_n_rf 1473.00000000000000000 0.98256180195691623 0.00000000000000000 2.00000000000000000 3.00000000000000000 16 3
v3/scores_outfbv3-p179.txt:relation_mr_mrr_1_3_10_n_rf 501.00000000000000000 8.38551429028621875 4.00000000000000000 10.00000000000000000 17.00000000000000000 21 17
v3/scores_outfbv3-p18.txt:relation_mr_mrr_1_3_10_n_rf 54.00000000000000000 4.24523809523809526 2.00000000000000000 4.00000000000000000 12.00000000000000000 12 12
v3/scores_outfbv3-p180.txt:relation_mr_mrr_1_3_10_n_rf 0.00000000000000000 0.00000000000000000 0.00000000000000000 0.00000000000000000 0.00000000000000000 0 0
v3/scores_outfbv3-p181.txt:relation_mr_mrr_1_3_10_n_rf 230.00000000000000000 0.01739261947973382 0.00000000000000000 0.00000000000000000 0.00000000000000000 2 0
v3/scores_outfbv3-p182.txt:relation_mr_mrr_1_3_10_n_rf 482.00000000000000000 31.53566483433739975 31.00000000000000000 32.00000000000000000 32.00000000000000000 36 32
v3/scores_outfbv3-p183.txt:relation_mr_mrr_1_3_10_n_rf 0.00000000000000000 0.00000000000000000 0.00000000000000000 0.00000000000000000 0.00000000000000000 0 0
v3/scores_outfbv3-p184.txt:relation_mr_mrr_1_3_10_n_rf 0.00000000000000000 0.00000000000000000 0.00000000000000000 0.00000000000000000 0.00000000000000000 0 0
v3/scores_outfbv3-p185.txt:relation_mr_mrr_1_3_10_n_rf 1164.00000000000000000 31.08847924755925973 31.00000000000000000 31.00000000000000000 31.00000000000000000 41 31
v3/scores_outfbv3-p186.txt:relation_mr_mrr_1_3_10_n_rf 233.00000000000000000 3.01739261947973381 3.00000000000000000 3.00000000000000000 3.00000000000000000 5 3
v3/scores_outfbv3-p187.txt:relation_mr_mrr_1_3_10_n_rf 2247.00000000000000000 11.67965904278127276 10.00000000000000000 13.00000000000000000 13.00000000000000000 33 13
v3/scores_outfbv3-p188.txt:relation_mr_mrr_1_3_10_n_rf 0.00000000000000000 0.00000000000000000 0.00000000000000000 0.00000000000000000 0.00000000000000000 0 0
v3/scores_outfbv3-p189.txt:relation_mr_mrr_1_3_10_n_rf 2107.00000000000000000 0.17172625251474086 0.00000000000000000 0.00000000000000000 0.00000000000000000 19 0
v3/scores_outfbv3-p19.txt:relation_mr_mrr_1_3_10_n_rf 16.00000000000000000 7.33333333333333393 5.00000000000000000 10.00000000000000000 10.00000000000000000 10 10
v3/scores_outfbv3-p190.txt:relation_mr_mrr_1_3_10_n_rf 231.00000000000000000 1.01739261947973381 1.00000000000000000 1.00000000000000000 1.00000000000000000 3 1
v3/scores_outfbv3-p191.txt:relation_mr_mrr_1_3_10_n_rf 400.00000000000000000 62.02665187873899555 62.00000000000000000 62.00000000000000000 62.00000000000000000 65 62
v3/scores_outfbv3-p192.txt:relation_mr_mrr_1_3_10_n_rf 2454.00000000000000000 16.19895521636066960 16.00000000000000000 16.00000000000000000 16.00000000000000000 38 16
v3/scores_outfbv3-p193.txt:relation_mr_mrr_1_3_10_n_rf 169.00000000000000000 17.90847457627118544 14.00000000000000000 20.00000000000000000 25.00000000000000000 26 25
v3/scores_outfbv3-p194.txt:relation_mr_mrr_1_3_10_n_rf 41.00000000000000000 29.00000000000000000 25.00000000000000000 33.00000000000000000 33.00000000000000000 33 33
v3/scores_outfbv3-p195.txt:relation_mr_mrr_1_3_10_n_rf 5.00000000000000000 0.20000000000000001 0.00000000000000000 0.00000000000000000 1.00000000000000000 1 1
v3/scores_outfbv3-p196.txt:relation_mr_mrr_1_3_10_n_rf 188.00000000000000000 3.43719211822660053 2.00000000000000000 2.00000000000000000 12.00000000000000000 13 12
v3/scores_outfbv3-p197.txt:relation_mr_mrr_1_3_10_n_rf 916.00000000000000000 2.07015132816330238 2.00000000000000000 2.00000000000000000 2.00000000000000000 10 2
v3/scores_outfbv3-p198.txt:relation_mr_mrr_1_3_10_n_rf 1452.00000000000000000 0.11670651339105405 0.00000000000000000 0.00000000000000000 0.00000000000000000 13 0
v3/scores_outfbv3-p199.txt:relation_mr_mrr_1_3_10_n_rf 0.00000000000000000 0.00000000000000000 0.00000000000000000 0.00000000000000000 0.00000000000000000 0 0
v3/scores_outfbv3-p2.txt:relation_mr_mrr_1_3_10_n_rf 561.00000000000000000 1.04467574818772246 1.00000000000000000 1.00000000000000000 1.00000000000000000 6 1
v3/scores_outfbv3-p20.txt:relation_mr_mrr_1_3_10_n_rf 118.00000000000000000 0.00847457627118644 0.00000000000000000 0.00000000000000000 0.00000000000000000 1 0
v3/scores_outfbv3-p200.txt:relation_mr_mrr_1_3_10_n_rf 1665.00000000000000000 2.13566951459416066 2.00000000000000000 2.00000000000000000 2.00000000000000000 17 2
v3/scores_outfbv3-p201.txt:relation_mr_mrr_1_3_10_n_rf 352.00000000000000000 14.02665187873899377 14.00000000000000000 14.00000000000000000 14.00000000000000000 17 14
v3/scores_outfbv3-p202.txt:relation_mr_mrr_1_3_10_n_rf 0.00000000000000000 0.00000000000000000 0.00000000000000000 0.00000000000000000 0.00000000000000000 0 0
v3/scores_outfbv3-p203.txt:relation_mr_mrr_1_3_10_n_rf 568.00000000000000000 8.04467574818772313 8.00000000000000000 8.00000000000000000 8.00000000000000000 13 8
v3/scores_outfbv3-p204.txt:relation_mr_mrr_1_3_10_n_rf 2551.00000000000000000 1.37514040740356691 0.00000000000000000 3.00000000000000000 3.00000000000000000 26 3
v3/scores_outfbv3-p205.txt:relation_mr_mrr_1_3_10_n_rf 681.00000000000000000 0.05291048603208312 0.00000000000000000 0.00000000000000000 0.00000000000000000 6 0
v3/scores_outfbv3-p206.txt:relation_mr_mrr_1_3_10_n_rf 586.00000000000000000 6.62760361079068616 5.00000000000000000 9.00000000000000000 10.00000000000000000 15 10
v3/scores_outfbv3-p207.txt:relation_mr_mrr_1_3_10_n_rf 1905.00000000000000000 2.65258539467250953 1.00000000000000000 4.00000000000000000 4.00000000000000000 21 4
v3/scores_outfbv3-p208.txt:relation_mr_mrr_1_3_10_n_rf 0.00000000000000000 0.00000000000000000 0.00000000000000000 0.00000000000000000 0.00000000000000000 0 0
v3/scores_outfbv3-p209.txt:relation_mr_mrr_1_3_10_n_rf 260.00000000000000000 0.52826354679802945 0.00000000000000000 0.00000000000000000 4.00000000000000000 6 4
v3/scores_outfbv3-p21.txt:relation_mr_mrr_1_3_10_n_rf 25.00000000000000000 0.65238095238095228 0.00000000000000000 0.00000000000000000 4.00000000000000000 4 4
v3/scores_outfbv3-p210.txt:relation_mr_mrr_1_3_10_n_rf 1994.00000000000000000 13.62175558744137227 10.00000000000000000 14.00000000000000000 23.00000000000000000 41 24
v3/scores_outfbv3-p211.txt:relation_mr_mrr_1_3_10_n_rf 586.00000000000000000 5.71063965687021113 3.00000000000000000 9.00000000000000000 9.00000000000000000 14 9
v3/scores_outfbv3-p212.txt:relation_mr_mrr_1_3_10_n_rf 560.00000000000000000 0.04467574818772248 0.00000000000000000 0.00000000000000000 0.00000000000000000 5 0
v3/scores_outfbv3-p213.txt:relation_mr_mrr_1_3_10_n_rf 460.00000000000000000 12.03573851544556561 12.00000000000000000 12.00000000000000000 12.00000000000000000 16 12
v3/scores_outfbv3-p214.txt:relation_mr_mrr_1_3_10_n_rf 2649.00000000000000000 0.21790519404334388 0.00000000000000000 0.00000000000000000 0.00000000000000000 24 0
v3/scores_outfbv3-p22.txt:relation_mr_mrr_1_3_10_n_rf 166.00000000000000000 4.08473748473748444 1.00000000000000000 4.00000000000000000 12.00000000000000000 13 12
v3/scores_outfbv3-p23.txt:relation_mr_mrr_1_3_10_n_rf 234.00000000000000000 2.51739261947973381 2.00000000000000000 3.00000000000000000 3.00000000000000000 5 3
v3/scores_outfbv3-p24.txt:relation_mr_mrr_1_3_10_n_rf 1.00000000000000000 1.00000000000000000 1.00000000000000000 1.00000000000000000 1.00000000000000000 1 1
v3/scores_outfbv3-p25.txt:relation_mr_mrr_1_3_10_n_rf 0.00000000000000000 0.00000000000000000 0.00000000000000000 0.00000000000000000 0.00000000000000000 0 0
v3/scores_outfbv3-p26.txt:relation_mr_mrr_1_3_10_n_rf 135.00000000000000000 19.00862068965517437 19.00000000000000000 19.00000000000000000 19.00000000000000000 20 19
v3/scores_outfbv3-p27.txt:relation_mr_mrr_1_3_10_n_rf 25.00000000000000000 5.25000000000000000 2.00000000000000000 8.00000000000000000 10.00000000000000000 10 10
v3/scores_outfbv3-p28.txt:relation_mr_mrr_1_3_10_n_rf 876.00000000000000000 8.40254749090861708 3.00000000000000000 11.00000000000000000 18.00000000000000000 25 18
v3/scores_outfbv3-p29.txt:relation_mr_mrr_1_3_10_n_rf 1711.00000000000000000 16.56852568509781776 2.00000000000000000 23.00000000000000000 54.00000000000000000 67 54
v3/scores_outfbv3-p3.txt:relation_mr_mrr_1_3_10_n_rf 7046.00000000000000000 297.57168952523937833 297.00000000000000000 297.00000000000000000 297.00000000000000000 359 297
v3/scores_outfbv3-p30.txt:relation_mr_mrr_1_3_10_n_rf 1435.00000000000000000 28.86586858245403775 16.00000000000000000 32.00000000000000000 59.00000000000000000 70 59
v3/scores_outfbv3-p31.txt:relation_mr_mrr_1_3_10_n_rf 1030.00000000000000000 6.07924223725421164 6.00000000000000000 6.00000000000000000 6.00000000000000000 15 6
v3/scores_outfbv3-p32.txt:relation_mr_mrr_1_3_10_n_rf 117.00000000000000000 0.00854700854700855 0.00000000000000000 0.00000000000000000 0.00000000000000000 1 0
v3/scores_outfbv3-p33.txt:relation_mr_mrr_1_3_10_n_rf 447.00000000000000000 0.03582619066559858 0.00000000000000000 0.00000000000000000 0.00000000000000000 4 0
v3/scores_outfbv3-p34.txt:relation_mr_mrr_1_3_10_n_rf 339.00000000000000000 1.02665187873899311 1.00000000000000000 1.00000000000000000 1.00000000000000000 4 1
v3/scores_outfbv3-p35.txt:relation_mr_mrr_1_3_10_n_rf 672.00000000000000000 0.05360431961629390 0.00000000000000000 0.00000000000000000 0.00000000000000000 6 0
v3/scores_outfbv3-p36.txt:relation_mr_mrr_1_3_10_n_rf 0.00000000000000000 0.00000000000000000 0.00000000000000000 0.00000000000000000 0.00000000000000000 0 0
v3/scores_outfbv3-p37.txt:relation_mr_mrr_1_3_10_n_rf 1352.00000000000000000 0.10670651339105405 0.00000000000000000 0.00000000000000000 0.00000000000000000 12 0
v3/scores_outfbv3-p38.txt:relation_mr_mrr_1_3_10_n_rf 18.00000000000000000 18.00000000000000000 18.00000000000000000 18.00000000000000000 18.00000000000000000 18 18
v3/scores_outfbv3-p39.txt:relation_mr_mrr_1_3_10_n_rf 0.00000000000000000 0.00000000000000000 0.00000000000000000 0.00000000000000000 0.00000000000000000 0 0
v3/scores_outfbv3-p4.txt:relation_mr_mrr_1_3_10_n_rf 4564.00000000000000000 171.36488953125953572 171.00000000000000000 171.00000000000000000 171.00000000000000000 211 171
v3/scores_outfbv3-p40.txt:relation_mr_mrr_1_3_10_n_rf 0.00000000000000000 0.00000000000000000 0.00000000000000000 0.00000000000000000 0.00000000000000000 0 0
v3/scores_outfbv3-p41.txt:relation_mr_mrr_1_3_10_n_rf 672.00000000000000000 0.05360431961629390 0.00000000000000000 0.00000000000000000 0.00000000000000000 6 0
v3/scores_outfbv3-p42.txt:relation_mr_mrr_1_3_10_n_rf 0.00000000000000000 0.00000000000000000 0.00000000000000000 0.00000000000000000 0.00000000000000000 0 0
v3/scores_outfbv3-p43.txt:relation_mr_mrr_1_3_10_n_rf 0.00000000000000000 0.00000000000000000 0.00000000000000000 0.00000000000000000 0.00000000000000000 0 0
v3/scores_outfbv3-p44.txt:relation_mr_mrr_1_3_10_n_rf 2232.00000000000000000 10.18043423687432281 10.00000000000000000 10.00000000000000000 10.00000000000000000 30 10
v3/scores_outfbv3-p45.txt:relation_mr_mrr_1_3_10_n_rf 514.00000000000000000 10.98470067949842743 6.00000000000000000 16.00000000000000000 20.00000000000000000 24 20
v3/scores_outfbv3-p46.txt:relation_mr_mrr_1_3_10_n_rf 34.00000000000000000 7.14285714285714235 5.00000000000000000 9.00000000000000000 12.00000000000000000 12 12
v3/scores_outfbv3-p47.txt:relation_mr_mrr_1_3_10_n_rf 116.00000000000000000 0.00862068965517241 0.00000000000000000 0.00000000000000000 0.00000000000000000 1 0
v3/scores_outfbv3-p48.txt:relation_mr_mrr_1_3_10_n_rf 1291.00000000000000000 45.09725442717682142 45.00000000000000000 45.00000000000000000 45.00000000000000000 56 45
v3/scores_outfbv3-p49.txt:relation_mr_mrr_1_3_10_n_rf 799.00000000000000000 2.06160431961629387 2.00000000000000000 2.00000000000000000 2.00000000000000000 9 2
v3/scores_outfbv3-p5.txt:relation_mr_mrr_1_3_10_n_rf 2382.00000000000000000 53.18978090443406614 53.00000000000000000 53.00000000000000000 53.00000000000000000 74 53
v3/scores_outfbv3-p50.txt:relation_mr_mrr_1_3_10_n_rf 230.00000000000000000 0.01739261947973382 0.00000000000000000 0.00000000000000000 0.00000000000000000 2 0
v3/scores_outfbv3-p51.txt:relation_mr_mrr_1_3_10_n_rf 2028.00000000000000000 30.16255194058813416 30.00000000000000000 30.00000000000000000 30.00000000000000000 48 30
v3/scores_outfbv3-p52.txt:relation_mr_mrr_1_3_10_n_rf 1782.00000000000000000 5.14444905723295864 5.00000000000000000 5.00000000000000000 5.00000000000000000 21 5
v3/scores_outfbv3-p53.txt:relation_mr_mrr_1_3_10_n_rf 4863.00000000000000000 40.40223534698381513 40.00000000000000000 40.00000000000000000 40.00000000000000000 84 40
v3/scores_outfbv3-p54.txt:relation_mr_mrr_1_3_10_n_rf 3926.00000000000000000 77.31889813733656069 77.00000000000000000 77.00000000000000000 77.00000000000000000 112 77
v3/scores_outfbv3-p55.txt:relation_mr_mrr_1_3_10_n_rf 799.00000000000000000 2.06160431961629387 2.00000000000000000 2.00000000000000000 2.00000000000000000 9 2
v3/scores_outfbv3-p56.txt:relation_mr_mrr_1_3_10_n_rf 915.00000000000000000 1.07014160643576983 1.00000000000000000 1.00000000000000000 1.00000000000000000 9 1
v3/scores_outfbv3-p57.txt:relation_mr_mrr_1_3_10_n_rf 120.00000000000000000 1.00862068965517238 0.00000000000000000 2.00000000000000000 2.00000000000000000 3 2
v3/scores_outfbv3-p58.txt:relation_mr_mrr_1_3_10_n_rf 0.00000000000000000 0.00000000000000000 0.00000000000000000 0.00000000000000000 0.00000000000000000 0 0
v3/scores_outfbv3-p59.txt:relation_mr_mrr_1_3_10_n_rf 119.00000000000000000 0.25869565217391305 0.00000000000000000 0.00000000000000000 1.00000000000000000 2 1
v3/scores_outfbv3-p6.txt:relation_mr_mrr_1_3_10_n_rf 3053.00000000000000000 76.74553887170810640 76.00000000000000000 77.00000000000000000 77.00000000000000000 104 77
v3/scores_outfbv3-p60.txt:relation_mr_mrr_1_3_10_n_rf 3.00000000000000000 0.33333333333333331 0.00000000000000000 1.00000000000000000 1.00000000000000000 1 1
v3/scores_outfbv3-p61.txt:relation_mr_mrr_1_3_10_n_rf 0.00000000000000000 0.00000000000000000 0.00000000000000000 0.00000000000000000 0.00000000000000000 0 0
v3/scores_outfbv3-p62.txt:relation_mr_mrr_1_3_10_n_rf 7456.00000000000000000 216.07741849141220314 129.00000000000000000 308.00000000000000000 318.00000000000000000 381 318
v3/scores_outfbv3-p63.txt:relation_mr_mrr_1_3_10_n_rf 597.00000000000000000 16.37799775502864819 12.00000000000000000 20.00000000000000000 22.00000000000000000 27 22
v3/scores_outfbv3-p64.txt:relation_mr_mrr_1_3_10_n_rf 1077.00000000000000000 2.89806424276363739 1.00000000000000000 2.00000000000000000 10.00000000000000000 19 10
v3/scores_outfbv3-p65.txt:relation_mr_mrr_1_3_10_n_rf 464.00000000000000000 1.11854892424239427 0.00000000000000000 2.00000000000000000 3.00000000000000000 7 3
v3/scores_outfbv3-p66.txt:relation_mr_mrr_1_3_10_n_rf 1368.00000000000000000 10.60664604167243752 9.00000000000000000 12.00000000000000000 12.00000000000000000 24 12
v3/scores_outfbv3-p67.txt:relation_mr_mrr_1_3_10_n_rf 0.00000000000000000 0.00000000000000000 0.00000000000000000 0.00000000000000000 0.00000000000000000 0 0
v3/scores_outfbv3-p68.txt:relation_mr_mrr_1_3_10_n_rf 0.00000000000000000 0.00000000000000000 0.00000000000000000 0.00000000000000000 0.00000000000000000 0 0
v3/scores_outfbv3-p69.txt:relation_mr_mrr_1_3_10_n_rf 232.00000000000000000 0.01724137931034483 0.00000000000000000 0.00000000000000000 0.00000000000000000 2 0
v3/scores_outfbv3-p7.txt:relation_mr_mrr_1_3_10_n_rf 1159.00000000000000000 22.08807319212144904 22.00000000000000000 22.00000000000000000 22.00000000000000000 32 22
v3/scores_outfbv3-p70.txt:relation_mr_mrr_1_3_10_n_rf 132.00000000000000000 1.42493112947658407 1.00000000000000000 1.00000000000000000 3.00000000000000000 4 3
v3/scores_outfbv3-p71.txt:relation_mr_mrr_1_3_10_n_rf 0.00000000000000000 0.00000000000000000 0.00000000000000000 0.00000000000000000 0.00000000000000000 0 0
v3/scores_outfbv3-p72.txt:relation_mr_mrr_1_3_10_n_rf 1594.00000000000000000 16.50047417968730201 16.00000000000000000 16.00000000000000000 18.00000000000000000 32 18
v3/scores_outfbv3-p73.txt:relation_mr_mrr_1_3_10_n_rf 4119.00000000000000000 36.83680885847554265 35.00000000000000000 37.00000000000000000 39.00000000000000000 76 39
v3/scores_outfbv3-p74.txt:relation_mr_mrr_1_3_10_n_rf 580.00000000000000000 1.04337565230595453 1.00000000000000000 1.00000000000000000 1.00000000000000000 6 1
v3/scores_outfbv3-p75.txt:relation_mr_mrr_1_3_10_n_rf 931.00000000000000000 4.06960056729862174 2.00000000000000000 6.00000000000000000 6.00000000000000000 14 6
v3/scores_outfbv3-p76.txt:relation_mr_mrr_1_3_10_n_rf 0.00000000000000000 0.00000000000000000 0.00000000000000000 0.00000000000000000 0.00000000000000000 0 0
v3/scores_outfbv3-p77.txt:relation_mr_mrr_1_3_10_n_rf 459.00000000000000000 0.45235101725017146 0.00000000000000000 0.00000000000000000 2.00000000000000000 6 2
v3/scores_outfbv3-p78.txt:relation_mr_mrr_1_3_10_n_rf 1105.00000000000000000 235.06149272835941133 211.00000000000000000 259.00000000000000000 259.00000000000000000 266 259
v3/scores_outfbv3-p79.txt:relation_mr_mrr_1_3_10_n_rf 163.00000000000000000 38.00862068965517437 35.00000000000000000 41.00000000000000000 41.00000000000000000 42 41
v3/scores_outfbv3-p8.txt:relation_mr_mrr_1_3_10_n_rf 608.00000000000000000 24.54392573539491096 20.00000000000000000 29.00000000000000000 29.00000000000000000 34 29
v3/scores_outfbv3-p80.txt:relation_mr_mrr_1_3_10_n_rf 2233.00000000000000000 12.65490067980947053 8.00000000000000000 10.00000000000000000 28.00000000000000000 47 28
v3/scores_outfbv3-p81.txt:relation_mr_mrr_1_3_10_n_rf 3.00000000000000000 3.00000000000000000 3.00000000000000000 3.00000000000000000 3.00000000000000000 3 3
v3/scores_outfbv3-p82.txt:relation_mr_mrr_1_3_10_n_rf 3477.00000000000000000 187.27413227774943039 187.00000000000000000 187.00000000000000000 187.00000000000000000 217 187
v3/scores_outfbv3-p83.txt:relation_mr_mrr_1_3_10_n_rf 237.00000000000000000 0.85057471264367801 0.00000000000000000 2.00000000000000000 2.00000000000000000 4 2
v3/scores_outfbv3-p84.txt:relation_mr_mrr_1_3_10_n_rf 803.00000000000000000 0.06112388636718444 0.00000000000000000 0.00000000000000000 0.00000000000000000 7 0
v3/scores_outfbv3-p85.txt:relation_mr_mrr_1_3_10_n_rf 1863.00000000000000000 8.30190560900707375 1.00000000000000000 18.00000000000000000 23.00000000000000000 39 23
v3/scores_outfbv3-p86.txt:relation_mr_mrr_1_3_10_n_rf 534.00000000000000000 53.82883153480980098 48.00000000000000000 58.00000000000000000 62.00000000000000000 66 62
v3/scores_outfbv3-p87.txt:relation_mr_mrr_1_3_10_n_rf 19.00000000000000000 8.50000000000000000 5.00000000000000000 12.00000000000000000 12.00000000000000000 12 12
v3/scores_outfbv3-p88.txt:relation_mr_mrr_1_3_10_n_rf 0.00000000000000000 0.00000000000000000 0.00000000000000000 0.00000000000000000 0.00000000000000000 0 0
v3/scores_outfbv3-p89.txt:relation_mr_mrr_1_3_10_n_rf 6386.00000000000000000 111.53045404560015186 7.00000000000000000 217.00000000000000000 319.00000000000000000 368 319
v3/scores_outfbv3-p9.txt:relation_mr_mrr_1_3_10_n_rf 4527.00000000000000000 349.34631958391923945 349.00000000000000000 349.00000000000000000 349.00000000000000000 387 349
v3/scores_outfbv3-p90.txt:relation_mr_mrr_1_3_10_n_rf 6.00000000000000000 0.75000000000000000 0.00000000000000000 1.00000000000000000 2.00000000000000000 2 2
v3/scores_outfbv3-p91.txt:relation_mr_mrr_1_3_10_n_rf 1155.00000000000000000 0.43049140613033404 0.00000000000000000 0.00000000000000000 2.00000000000000000 12 2
v3/scores_outfbv3-p92.txt:relation_mr_mrr_1_3_10_n_rf 456.00000000000000000 4.81890655640655563 1.00000000000000000 5.00000000000000000 16.00000000000000000 22 19
v3/scores_outfbv3-p93.txt:relation_mr_mrr_1_3_10_n_rf 1892.00000000000000000 67.64303289373383166 61.00000000000000000 74.00000000000000000 76.00000000000000000 92 76
v3/scores_outfbv3-p94.txt:relation_mr_mrr_1_3_10_n_rf 234.00000000000000000 0.01709526592635886 0.00000000000000000 0.00000000000000000 0.00000000000000000 2 0
v3/scores_outfbv3-p95.txt:relation_mr_mrr_1_3_10_n_rf 1482.00000000000000000 12.11672310399743679 6.00000000000000000 18.00000000000000000 18.00000000000000000 31 18
v3/scores_outfbv3-p96.txt:relation_mr_mrr_1_3_10_n_rf 43.00000000000000000 43.00000000000000000 43.00000000000000000 43.00000000000000000 43.00000000000000000 43 43
v3/scores_outfbv3-p97.txt:relation_mr_mrr_1_3_10_n_rf 682.00000000000000000 9.05352091678059878 9.00000000000000000 9.00000000000000000 9.00000000000000000 15 9
v3/scores_outfbv3-p98.txt:relation_mr_mrr_1_3_10_n_rf 292.00000000000000000 62.01739261947973603 62.00000000000000000 62.00000000000000000 62.00000000000000000 64 62
v3/scores_outfbv3-p99.txt:relation_mr_mrr_1_3_10_n_rf 2137.00000000000000000 30.17172625251474827 30.00000000000000000 30.00000000000000000 30.00000000000000000 49 30
MR 24.103
MRR 0.661968
HITS@1 57.9293
Coverage 79.4572
HITS@3 73.0765
HITS@10 79.4024
