========================================
ENTITY PREDICTION RESULTS
========================================
Relation prediction in progress: switch to entity prediction using report_stats_entities.
========================================
RELATION PREDICTION RESULTS
========================================
v2/scores_outfbv2-p0.txt:relation_mr_mrr_1_3_10_n_rf 0.00000000000000000 0.00000000000000000 0.00000000000000000 0.00000000000000000 0.00000000000000000 0 0
v2/scores_outfbv2-p1.txt:relation_mr_mrr_1_3_10_n_rf 1691.00000000000000000 0.17139831660132038 0.00000000000000000 0.00000000000000000 0.00000000000000000 17 0
v2/scores_outfbv2-p10.txt:relation_mr_mrr_1_3_10_n_rf 989.00000000000000000 82.08496105717404134 60.00000000000000000 98.00000000000000000 120.00000000000000000 127 120
v2/scores_outfbv2-p100.txt:relation_mr_mrr_1_3_10_n_rf 7.00000000000000000 0.58333333333333326 0.00000000000000000 1.00000000000000000 2.00000000000000000 2 2
v2/scores_outfbv2-p101.txt:relation_mr_mrr_1_3_10_n_rf 199.00000000000000000 0.02010507173166296 0.00000000000000000 0.00000000000000000 0.00000000000000000 2 0
v2/scores_outfbv2-p102.txt:relation_mr_mrr_1_3_10_n_rf 0.00000000000000000 0.00000000000000000 0.00000000000000000 0.00000000000000000 0.00000000000000000 0 0
v2/scores_outfbv2-p103.txt:relation_mr_mrr_1_3_10_n_rf 199.00000000000000000 0.02010507173166296 0.00000000000000000 0.00000000000000000 0.00000000000000000 2 0
v2/scores_outfbv2-p104.txt:relation_mr_mrr_1_3_10_n_rf 4.00000000000000000 1.33333333333333326 1.00000000000000000 2.00000000000000000 2.00000000000000000 2 2
v2/scores_outfbv2-p105.txt:relation_mr_mrr_1_3_10_n_rf 143.00000000000000000 2.28580586080586068 0.00000000000000000 4.00000000000000000 9.00000000000000000 10 9
v2/scores_outfbv2-p106.txt:relation_mr_mrr_1_3_10_n_rf 992.00000000000000000 25.20485980176965057 18.00000000000000000 32.00000000000000000 36.00000000000000000 45 36
v2/scores_outfbv2-p107.txt:relation_mr_mrr_1_3_10_n_rf 926.00000000000000000 75.24432101289298203 68.00000000000000000 83.00000000000000000 83.00000000000000000 91 83
v2/scores_outfbv2-p108.txt:relation_mr_mrr_1_3_10_n_rf 104.00000000000000000 1.00970873786407767 1.00000000000000000 1.00000000000000000 1.00000000000000000 2 1
v2/scores_outfbv2-p109.txt:relation_mr_mrr_1_3_10_n_rf 291.00000000000000000 93.02021026844953155 93.00000000000000000 93.00000000000000000 93.00000000000000000 95 93
v2/scores_outfbv2-p11.txt:relation_mr_mrr_1_3_10_n_rf 586.00000000000000000 205.77960590176667210 185.00000000000000000 226.00000000000000000 229.00000000000000000 232 229
v2/scores_outfbv2-p110.txt:relation_mr_mrr_1_3_10_n_rf 0.00000000000000000 0.00000000000000000 0.00000000000000000 0.00000000000000000 0.00000000000000000 0 0
v2/scores_outfbv2-p111.txt:relation_mr_mrr_1_3_10_n_rf 101.00000000000000000 0.00990099009900990 0.00000000000000000 0.00000000000000000 0.00000000000000000 1 0
v2/scores_outfbv2-p112.txt:relation_mr_mrr_1_3_10_n_rf 710.00000000000000000 0.06904251739587701 0.00000000000000000 0.00000000000000000 0.00000000000000000 7 0
v2/scores_outfbv2-p113.txt:relation_mr_mrr_1_3_10_n_rf 302.00000000000000000 4.03021026844952512 4.00000000000000000 4.00000000000000000 4.00000000000000000 7 4
v2/scores_outfbv2-p114.txt:relation_mr_mrr_1_3_10_n_rf 1.00000000000000000 1.00000000000000000 1.00000000000000000 1.00000000000000000 1.00000000000000000 1 1
v2/scores_outfbv2-p115.txt:relation_mr_mrr_1_3_10_n_rf 326.00000000000000000 26.53021026844952601 26.00000000000000000 27.00000000000000000 27.00000000000000000 30 27
v2/scores_outfbv2-p116.txt:relation_mr_mrr_1_3_10_n_rf 198.00000000000000000 0.02021026844952536 0.00000000000000000 0.00000000000000000 0.00000000000000000 2 0
v2/scores_outfbv2-p117.txt:relation_mr_mrr_1_3_10_n_rf 611.00000000000000000 0.05896835319313860 0.00000000000000000 0.00000000000000000 0.00000000000000000 6 0
v2/scores_outfbv2-p118.txt:relation_mr_mrr_1_3_10_n_rf 101.00000000000000000 0.00990099009900990 0.00000000000000000 0.00000000000000000 0.00000000000000000 1 0
v2/scores_outfbv2-p119.txt:relation_mr_mrr_1_3_10_n_rf 0.00000000000000000 0.00000000000000000 0.00000000000000000 0.00000000000000000 0.00000000000000000 0 0
v2/scores_outfbv2-p12.txt:relation_mr_mrr_1_3_10_n_rf 893.00000000000000000 74.07825915729983990 74.00000000000000000 74.00000000000000000 74.00000000000000000 82 74
v2/scores_outfbv2-p120.txt:relation_mr_mrr_1_3_10_n_rf 616.00000000000000000 4.05884993220329182 4.00000000000000000 4.00000000000000000 4.00000000000000000 10 4
v2/scores_outfbv2-p121.txt:relation_mr_mrr_1_3_10_n_rf 925.00000000000000000 2.42148661988187985 2.00000000000000000 3.00000000000000000 3.00000000000000000 12 3
v2/scores_outfbv2-p122.txt:relation_mr_mrr_1_3_10_n_rf 616.00000000000000000 3.55895094230430198 3.00000000000000000 4.00000000000000000 4.00000000000000000 10 4
v2/scores_outfbv2-p123.txt:relation_mr_mrr_1_3_10_n_rf 245.00000000000000000 33.01978557504872924 30.00000000000000000 36.00000000000000000 36.00000000000000000 38 36
v2/scores_outfbv2-p124.txt:relation_mr_mrr_1_3_10_n_rf 1213.00000000000000000 58.77302166995369248 55.00000000000000000 63.00000000000000000 63.00000000000000000 74 63
v2/scores_outfbv2-p125.txt:relation_mr_mrr_1_3_10_n_rf 204.00000000000000000 6.02021026844952534 6.00000000000000000 6.00000000000000000 6.00000000000000000 8 6
v2/scores_outfbv2-p126.txt:relation_mr_mrr_1_3_10_n_rf 302.00000000000000000 0.02982565306490998 0.00000000000000000 0.00000000000000000 0.00000000000000000 3 0
v2/scores_outfbv2-p127.txt:relation_mr_mrr_1_3_10_n_rf 1322.00000000000000000 3.12902156984878577 1.00000000000000000 5.00000000000000000 5.00000000000000000 18 5
v2/scores_outfbv2-p128.txt:relation_mr_mrr_1_3_10_n_rf 5.00000000000000000 2.33333333333333304 2.00000000000000000 3.00000000000000000 3.00000000000000000 3 3
v2/scores_outfbv2-p129.txt:relation_mr_mrr_1_3_10_n_rf 147.00000000000000000 14.50990099009900902 4.00000000000000000 25.00000000000000000 25.00000000000000000 26 25
v2/scores_outfbv2-p13.txt:relation_mr_mrr_1_3_10_n_rf 1105.00000000000000000 36.03395535165362418 28.00000000000000000 34.00000000000000000 61.00000000000000000 70 61
v2/scores_outfbv2-p130.txt:relation_mr_mrr_1_3_10_n_rf 21.00000000000000000 10.83333333333333215 8.00000000000000000 14.00000000000000000 14.00000000000000000 14 14
v2/scores_outfbv2-p131.txt:relation_mr_mrr_1_3_10_n_rf 136.00000000000000000 31.50970873786407722 31.00000000000000000 32.00000000000000000 32.00000000000000000 33 32
v2/scores_outfbv2-p132.txt:relation_mr_mrr_1_3_10_n_rf 66.00000000000000000 64.50000000000000000 64.00000000000000000 65.00000000000000000 65.00000000000000000 65 65
v2/scores_outfbv2-p133.txt:relation_mr_mrr_1_3_10_n_rf 192.00000000000000000 67.59276729559749697 63.00000000000000000 72.00000000000000000 73.00000000000000000 74 73
v2/scores_outfbv2-p134.txt:relation_mr_mrr_1_3_10_n_rf 969.00000000000000000 49.08818144383479165 49.00000000000000000 49.00000000000000000 49.00000000000000000 58 49
v2/scores_outfbv2-p135.txt:relation_mr_mrr_1_3_10_n_rf 0.00000000000000000 0.00000000000000000 0.00000000000000000 0.00000000000000000 0.00000000000000000 0 0
v2/scores_outfbv2-p136.txt:relation_mr_mrr_1_3_10_n_rf 4.00000000000000000 4.00000000000000000 4.00000000000000000 4.00000000000000000 4.00000000000000000 4 4
v2/scores_outfbv2-p137.txt:relation_mr_mrr_1_3_10_n_rf 7.00000000000000000 7.00000000000000000 7.00000000000000000 7.00000000000000000 7.00000000000000000 7 7
v2/scores_outfbv2-p138.txt:relation_mr_mrr_1_3_10_n_rf 208.00000000000000000 4.01991281949673063 3.00000000000000000 5.00000000000000000 5.00000000000000000 7 5
v2/scores_outfbv2-p139.txt:relation_mr_mrr_1_3_10_n_rf 159.00000000000000000 58.00990099009901257 58.00000000000000000 58.00000000000000000 58.00000000000000000 59 58
v2/scores_outfbv2-p14.txt:relation_mr_mrr_1_3_10_n_rf 110.00000000000000000 8.00980392156862742 8.00000000000000000 8.00000000000000000 8.00000000000000000 9 8
v2/scores_outfbv2-p140.txt:relation_mr_mrr_1_3_10_n_rf 2.00000000000000000 2.00000000000000000 2.00000000000000000 2.00000000000000000 2.00000000000000000 2 2
v2/scores_outfbv2-p141.txt:relation_mr_mrr_1_3_10_n_rf 307.00000000000000000 5.36376063922181689 4.00000000000000000 7.00000000000000000 7.00000000000000000 10 7
v2/scores_outfbv2-p142.txt:relation_mr_mrr_1_3_10_n_rf 0.00000000000000000 0.00000000000000000 0.00000000000000000 0.00000000000000000 0.00000000000000000 0 0
v2/scores_outfbv2-p143.txt:relation_mr_mrr_1_3_10_n_rf 640.00000000000000000 2.55899428083833991 0.00000000000000000 6.00000000000000000 8.00000000000000000 14 8
v2/scores_outfbv2-p144.txt:relation_mr_mrr_1_3_10_n_rf 126.00000000000000000 6.77756588072122046 6.00000000000000000 7.00000000000000000 9.00000000000000000 10 9
v2/scores_outfbv2-p145.txt:relation_mr_mrr_1_3_10_n_rf 101.00000000000000000 0.00990099009900990 0.00000000000000000 0.00000000000000000 0.00000000000000000 1 0
v2/scores_outfbv2-p146.txt:relation_mr_mrr_1_3_10_n_rf 0.00000000000000000 0.00000000000000000 0.00000000000000000 0.00000000000000000 0.00000000000000000 0 0
v2/scores_outfbv2-p147.txt:relation_mr_mrr_1_3_10_n_rf 304.00000000000000000 1.52991900631360300 1.00000000000000000 2.00000000000000000 2.00000000000000000 5 2
v2/scores_outfbv2-p148.txt:relation_mr_mrr_1_3_10_n_rf 2185.00000000000000000 0.22199661357046102 0.00000000000000000 0.00000000000000000 0.00000000000000000 22 0
v2/scores_outfbv2-p149.txt:relation_mr_mrr_1_3_10_n_rf 711.00000000000000000 2.06917243482579138 2.00000000000000000 2.00000000000000000 2.00000000000000000 9 2
v2/scores_outfbv2-p15.txt:relation_mr_mrr_1_3_10_n_rf 101.00000000000000000 0.00990099009900990 0.00000000000000000 0.00000000000000000 0.00000000000000000 1 0
v2/scores_outfbv2-p150.txt:relation_mr_mrr_1_3_10_n_rf 199.00000000000000000 0.02010507173166296 0.00000000000000000 0.00000000000000000 0.00000000000000000 2 0
v2/scores_outfbv2-p151.txt:relation_mr_mrr_1_3_10_n_rf 510.00000000000000000 2.04953620731339559 1.00000000000000000 3.00000000000000000 3.00000000000000000 8 3
v2/scores_outfbv2-p152.txt:relation_mr_mrr_1_3_10_n_rf 101.00000000000000000 0.00990099009900990 0.00000000000000000 0.00000000000000000 0.00000000000000000 1 0
v2/scores_outfbv2-p153.txt:relation_mr_mrr_1_3_10_n_rf 509.00000000000000000 4.04953439092898826 4.00000000000000000 4.00000000000000000 4.00000000000000000 9 4
v2/scores_outfbv2-p154.txt:relation_mr_mrr_1_3_10_n_rf 1893.00000000000000000 14.19268454848537253 14.00000000000000000 14.00000000000000000 14.00000000000000000 33 14
v2/scores_outfbv2-p155.txt:relation_mr_mrr_1_3_10_n_rf 0.00000000000000000 0.00000000000000000 0.00000000000000000 0.00000000000000000 0.00000000000000000 0 0
v2/scores_outfbv2-p156.txt:relation_mr_mrr_1_3_10_n_rf 508.00000000000000000 1.04933978253305993 1.00000000000000000 1.00000000000000000 1.00000000000000000 6 1
v2/scores_outfbv2-p157.txt:relation_mr_mrr_1_3_10_n_rf 0.00000000000000000 0.00000000000000000 0.00000000000000000 0.00000000000000000 0.00000000000000000 0 0
v2/scores_outfbv2-p158.txt:relation_mr_mrr_1_3_10_n_rf 509.00000000000000000 1.04924571042925874 1.00000000000000000 1.00000000000000000 1.00000000000000000 6 1
v2/scores_outfbv2-p159.txt:relation_mr_mrr_1_3_10_n_rf 1714.00000000000000000 11.67030613456825527 11.00000000000000000 12.00000000000000000 12.00000000000000000 29 12
v2/scores_outfbv2-p16.txt:relation_mr_mrr_1_3_10_n_rf 1974.00000000000000000 2.20343723665742131 2.00000000000000000 2.00000000000000000 2.00000000000000000 22 2
v2/scores_outfbv2-p160.txt:relation_mr_mrr_1_3_10_n_rf 2737.00000000000000000 21.77053911179758572 17.00000000000000000 26.00000000000000000 26.00000000000000000 53 26
v2/scores_outfbv2-p161.txt:relation_mr_mrr_1_3_10_n_rf 5816.00000000000000000 30.73253501780434505 24.00000000000000000 38.00000000000000000 38.00000000000000000 95 38
v2/scores_outfbv2-p162.txt:relation_mr_mrr_1_3_10_n_rf 1616.00000000000000000 211.13984470477942068 211.00000000000000000 211.00000000000000000 211.00000000000000000 225 211
v2/scores_outfbv2-p163.txt:relation_mr_mrr_1_3_10_n_rf 404.00000000000000000 2.03981999641261291 2.00000000000000000 2.00000000000000000 2.00000000000000000 6 2
v2/scores_outfbv2-p164.txt:relation_mr_mrr_1_3_10_n_rf 2.00000000000000000 2.00000000000000000 2.00000000000000000 2.00000000000000000 2.00000000000000000 2 2
v2/scores_outfbv2-p165.txt:relation_mr_mrr_1_3_10_n_rf 507.00000000000000000 0.04933018431013515 0.00000000000000000 0.00000000000000000 0.00000000000000000 5 0
v2/scores_outfbv2-p166.txt:relation_mr_mrr_1_3_10_n_rf 115.00000000000000000 7.00952380952380949 6.00000000000000000 8.00000000000000000 8.00000000000000000 9 8
v2/scores_outfbv2-p167.txt:relation_mr_mrr_1_3_10_n_rf 0.00000000000000000 0.00000000000000000 0.00000000000000000 0.00000000000000000 0.00000000000000000 0 0
v2/scores_outfbv2-p168.txt:relation_mr_mrr_1_3_10_n_rf 1.00000000000000000 1.00000000000000000 1.00000000000000000 1.00000000000000000 1.00000000000000000 1 1
v2/scores_outfbv2-p169.txt:relation_mr_mrr_1_3_10_n_rf 24.00000000000000000 19.50000000000000000 18.00000000000000000 21.00000000000000000 21.00000000000000000 21 21
v2/scores_outfbv2-p17.txt:relation_mr_mrr_1_3_10_n_rf 338.00000000000000000 5.06280453225660132 3.00000000000000000 5.00000000000000000 10.00000000000000000 13 10
v2/scores_outfbv2-p170.txt:relation_mr_mrr_1_3_10_n_rf 212.00000000000000000 66.25943396226418258 61.00000000000000000 73.00000000000000000 76.00000000000000000 77 76
v2/scores_outfbv2-p171.txt:relation_mr_mrr_1_3_10_n_rf 82.00000000000000000 69.16666666666665719 66.00000000000000000 73.00000000000000000 73.00000000000000000 73 73
v2/scores_outfbv2-p172.txt:relation_mr_mrr_1_3_10_n_rf 327.00000000000000000 19.52976246105918889 18.00000000000000000 21.00000000000000000 21.00000000000000000 24 21
v2/scores_outfbv2-p173.txt:relation_mr_mrr_1_3_10_n_rf 301.00000000000000000 3.03021026844952512 3.00000000000000000 3.00000000000000000 3.00000000000000000 6 3
v2/scores_outfbv2-p174.txt:relation_mr_mrr_1_3_10_n_rf 106.00000000000000000 5.00990099009900991 5.00000000000000000 5.00000000000000000 5.00000000000000000 6 5
v2/scores_outfbv2-p175.txt:relation_mr_mrr_1_3_10_n_rf 0.00000000000000000 0.00000000000000000 0.00000000000000000 0.00000000000000000 0.00000000000000000 0 0
v2/scores_outfbv2-p176.txt:relation_mr_mrr_1_3_10_n_rf 0.00000000000000000 0.00000000000000000 0.00000000000000000 0.00000000000000000 0.00000000000000000 0 0
v2/scores_outfbv2-p177.txt:relation_mr_mrr_1_3_10_n_rf 1.00000000000000000 1.00000000000000000 1.00000000000000000 1.00000000000000000 1.00000000000000000 1 1
v2/scores_outfbv2-p178.txt:relation_mr_mrr_1_3_10_n_rf 1016.00000000000000000 96.08818144383479876 96.00000000000000000 96.00000000000000000 96.00000000000000000 105 96
v2/scores_outfbv2-p179.txt:relation_mr_mrr_1_3_10_n_rf 625.00000000000000000 14.05896835319313709 14.00000000000000000 14.00000000000000000 14.00000000000000000 20 14
v2/scores_outfbv2-p18.txt:relation_mr_mrr_1_3_10_n_rf 101.00000000000000000 0.00990099009900990 0.00000000000000000 0.00000000000000000 0.00000000000000000 1 0
v2/scores_outfbv2-p180.txt:relation_mr_mrr_1_3_10_n_rf 336.00000000000000000 14.03005012531328433 10.00000000000000000 20.00000000000000000 20.00000000000000000 23 20
v2/scores_outfbv2-p181.txt:relation_mr_mrr_1_3_10_n_rf 0.00000000000000000 0.00000000000000000 0.00000000000000000 0.00000000000000000 0.00000000000000000 0 0
v2/scores_outfbv2-p182.txt:relation_mr_mrr_1_3_10_n_rf 0.00000000000000000 0.00000000000000000 0.00000000000000000 0.00000000000000000 0.00000000000000000 0 0
v2/scores_outfbv2-p183.txt:relation_mr_mrr_1_3_10_n_rf 510.00000000000000000 1.54935998441067602 1.00000000000000000 2.00000000000000000 2.00000000000000000 7 2
v2/scores_outfbv2-p184.txt:relation_mr_mrr_1_3_10_n_rf 0.00000000000000000 0.00000000000000000 0.00000000000000000 0.00000000000000000 0.00000000000000000 0 0
v2/scores_outfbv2-p185.txt:relation_mr_mrr_1_3_10_n_rf 401.00000000000000000 0.03991900631360304 0.00000000000000000 0.00000000000000000 0.00000000000000000 4 0
v2/scores_outfbv2-p186.txt:relation_mr_mrr_1_3_10_n_rf 0.00000000000000000 0.00000000000000000 0.00000000000000000 0.00000000000000000 0.00000000000000000 0 0
v2/scores_outfbv2-p187.txt:relation_mr_mrr_1_3_10_n_rf 0.00000000000000000 0.00000000000000000 0.00000000000000000 0.00000000000000000 0.00000000000000000 0 0
v2/scores_outfbv2-p188.txt:relation_mr_mrr_1_3_10_n_rf 101.00000000000000000 0.00990099009900990 0.00000000000000000 0.00000000000000000 0.00000000000000000 1 0
v2/scores_outfbv2-p189.txt:relation_mr_mrr_1_3_10_n_rf 1020.00000000000000000 0.09816227258507779 0.00000000000000000 0.00000000000000000 0.00000000000000000 10 0
v2/scores_outfbv2-p19.txt:relation_mr_mrr_1_3_10_n_rf 1607.00000000000000000 0.15961847762881215 0.00000000000000000 0.00000000000000000 0.00000000000000000 16 0
v2/scores_outfbv2-p190.txt:relation_mr_mrr_1_3_10_n_rf 201.00000000000000000 0.01990493166963755 0.00000000000000000 0.00000000000000000 0.00000000000000000 2 0
v2/scores_outfbv2-p191.txt:relation_mr_mrr_1_3_10_n_rf 212.00000000000000000 4.51974324061466604 3.00000000000000000 6.00000000000000000 6.00000000000000000 8 6
v2/scores_outfbv2-p192.txt:relation_mr_mrr_1_3_10_n_rf 721.00000000000000000 11.06907735374518253 11.00000000000000000 11.00000000000000000 11.00000000000000000 18 11
v2/scores_outfbv2-p193.txt:relation_mr_mrr_1_3_10_n_rf 104.00000000000000000 1.50990099009900991 1.00000000000000000 2.00000000000000000 2.00000000000000000 3 2
v2/scores_outfbv2-p194.txt:relation_mr_mrr_1_3_10_n_rf 11.00000000000000000 0.39285714285714285 0.00000000000000000 0.00000000000000000 2.00000000000000000 2 2
v2/scores_outfbv2-p195.txt:relation_mr_mrr_1_3_10_n_rf 2457.00000000000000000 5.69781193200388980 4.00000000000000000 5.00000000000000000 10.00000000000000000 34 10
v2/scores_outfbv2-p196.txt:relation_mr_mrr_1_3_10_n_rf 123.00000000000000000 3.45980392156862759 2.00000000000000000 3.00000000000000000 7.00000000000000000 8 7
v2/scores_outfbv2-p197.txt:relation_mr_mrr_1_3_10_n_rf 505.00000000000000000 0.04953439092898766 0.00000000000000000 0.00000000000000000 0.00000000000000000 5 0
v2/scores_outfbv2-p198.txt:relation_mr_mrr_1_3_10_n_rf 5.00000000000000000 5.00000000000000000 5.00000000000000000 5.00000000000000000 5.00000000000000000 5 5
v2/scores_outfbv2-p199.txt:relation_mr_mrr_1_3_10_n_rf 0.00000000000000000 0.00000000000000000 0.00000000000000000 0.00000000000000000 0.00000000000000000 0 0
v2/scores_outfbv2-p2.txt:relation_mr_mrr_1_3_10_n_rf 3231.00000000000000000 227.30060500495827114 227.00000000000000000 227.00000000000000000 227.00000000000000000 257 227
v2/scores_outfbv2-p20.txt:relation_mr_mrr_1_3_10_n_rf 213.00000000000000000 2.30603194247996202 2.00000000000000000 2.00000000000000000 4.00000000000000000 6 4
v2/scores_outfbv2-p21.txt:relation_mr_mrr_1_3_10_n_rf 12.00000000000000000 0.34285714285714286 0.00000000000000000 0.00000000000000000 2.00000000000000000 2 2
v2/scores_outfbv2-p22.txt:relation_mr_mrr_1_3_10_n_rf 112.00000000000000000 5.00961538461538503 4.00000000000000000 6.00000000000000000 6.00000000000000000 7 6
v2/scores_outfbv2-p23.txt:relation_mr_mrr_1_3_10_n_rf 0.00000000000000000 0.00000000000000000 0.00000000000000000 0.00000000000000000 0.00000000000000000 0 0
v2/scores_outfbv2-p24.txt:relation_mr_mrr_1_3_10_n_rf 198.00000000000000000 0.02021026844952536 0.00000000000000000 0.00000000000000000 0.00000000000000000 2 0
v2/scores_outfbv2-p25.txt:relation_mr_mrr_1_3_10_n_rf 3.00000000000000000 1.50000000000000000 1.00000000000000000 2.00000000000000000 2.00000000000000000 2 2
v2/scores_outfbv2-p26.txt:relation_mr_mrr_1_3_10_n_rf 134.00000000000000000 4.92775813295615261 4.00000000000000000 4.00000000000000000 9.00000000000000000 10 9
v2/scores_outfbv2-p27.txt:relation_mr_mrr_1_3_10_n_rf 575.00000000000000000 21.31719066245291216 14.00000000000000000 30.00000000000000000 32.00000000000000000 37 32
v2/scores_outfbv2-p28.txt:relation_mr_mrr_1_3_10_n_rf 748.00000000000000000 13.40144603078491947 11.00000000000000000 15.00000000000000000 17.00000000000000000 24 17
v2/scores_outfbv2-p29.txt:relation_mr_mrr_1_3_10_n_rf 611.00000000000000000 2.05915144278673923 2.00000000000000000 2.00000000000000000 2.00000000000000000 8 2
v2/scores_outfbv2-p3.txt:relation_mr_mrr_1_3_10_n_rf 501.00000000000000000 100.03991900631359613 100.00000000000000000 100.00000000000000000 100.00000000000000000 104 100
v2/scores_outfbv2-p30.txt:relation_mr_mrr_1_3_10_n_rf 0.00000000000000000 0.00000000000000000 0.00000000000000000 0.00000000000000000 0.00000000000000000 0 0
v2/scores_outfbv2-p31.txt:relation_mr_mrr_1_3_10_n_rf 102.00000000000000000 1.00990099009900991 1.00000000000000000 1.00000000000000000 1.00000000000000000 2 1
v2/scores_outfbv2-p32.txt:relation_mr_mrr_1_3_10_n_rf 104.00000000000000000 3.00990099009900991 3.00000000000000000 3.00000000000000000 3.00000000000000000 4 3
v2/scores_outfbv2-p33.txt:relation_mr_mrr_1_3_10_n_rf 111.00000000000000000 5.50990099009900991 4.00000000000000000 7.00000000000000000 7.00000000000000000 8 7
v2/scores_outfbv2-p34.txt:relation_mr_mrr_1_3_10_n_rf 0.00000000000000000 0.00000000000000000 0.00000000000000000 0.00000000000000000 0.00000000000000000 0 0
v2/scores_outfbv2-p35.txt:relation_mr_mrr_1_3_10_n_rf 0.00000000000000000 0.00000000000000000 0.00000000000000000 0.00000000000000000 0.00000000000000000 0 0
v2/scores_outfbv2-p36.txt:relation_mr_mrr_1_3_10_n_rf 920.00000000000000000 0.08818144383480067 0.00000000000000000 0.00000000000000000 0.00000000000000000 9 0
v2/scores_outfbv2-p37.txt:relation_mr_mrr_1_3_10_n_rf 920.00000000000000000 2.08835519137637959 2.00000000000000000 2.00000000000000000 2.00000000000000000 11 2
v2/scores_outfbv2-p38.txt:relation_mr_mrr_1_3_10_n_rf 12.00000000000000000 4.08333333333333304 3.00000000000000000 5.00000000000000000 6.00000000000000000 6 6
v2/scores_outfbv2-p39.txt:relation_mr_mrr_1_3_10_n_rf 0.00000000000000000 0.00000000000000000 0.00000000000000000 0.00000000000000000 0.00000000000000000 0 0
v2/scores_outfbv2-p4.txt:relation_mr_mrr_1_3_10_n_rf 1063.00000000000000000 43.09818144383478966 43.00000000000000000 43.00000000000000000 43.00000000000000000 53 43
v2/scores_outfbv2-p40.txt:relation_mr_mrr_1_3_10_n_rf 100.00000000000000000 0.01000000000000000 0.00000000000000000 0.00000000000000000 0.00000000000000000 1 0
v2/scores_outfbv2-p41.txt:relation_mr_mrr_1_3_10_n_rf 85.00000000000000000 85.00000000000000000 85.00000000000000000 85.00000000000000000 85.00000000000000000 85 85
v2/scores_outfbv2-p42.txt:relation_mr_mrr_1_3_10_n_rf 29.00000000000000000 29.00000000000000000 29.00000000000000000 29.00000000000000000 29.00000000000000000 29 29
v2/scores_outfbv2-p43.txt:relation_mr_mrr_1_3_10_n_rf 8.00000000000000000 8.00000000000000000 8.00000000000000000 8.00000000000000000 8.00000000000000000 8 8
v2/scores_outfbv2-p44.txt:relation_mr_mrr_1_3_10_n_rf 524.00000000000000000 19.04953439092898293 19.00000000000000000 19.00000000000000000 19.00000000000000000 24 19
v2/scores_outfbv2-p45.txt:relation_mr_mrr_1_3_10_n_rf 302.00000000000000000 4.03021026844952512 4.00000000000000000 4.00000000000000000 4.00000000000000000 7 4
v2/scores_outfbv2-p46.txt:relation_mr_mrr_1_3_10_n_rf 60.00000000000000000 58.50000000000000000 58.00000000000000000 59.00000000000000000 59.00000000000000000 59 59
v2/scores_outfbv2-p47.txt:relation_mr_mrr_1_3_10_n_rf 2830.00000000000000000 38.28161614532267976 38.00000000000000000 38.00000000000000000 38.00000000000000000 66 38
v2/scores_outfbv2-p48.txt:relation_mr_mrr_1_3_10_n_rf 622.00000000000000000 11.05896835319313887 11.00000000000000000 11.00000000000000000 11.00000000000000000 17 11
v2/scores_outfbv2-p49.txt:relation_mr_mrr_1_3_10_n_rf 1607.00000000000000000 0.15964086097599459 0.00000000000000000 0.00000000000000000 0.00000000000000000 16 0
v2/scores_outfbv2-p5.txt:relation_mr_mrr_1_3_10_n_rf 1055.00000000000000000 33.09797936240216387 33.00000000000000000 33.00000000000000000 33.00000000000000000 43 33
v2/scores_outfbv2-p50.txt:relation_mr_mrr_1_3_10_n_rf 106.00000000000000000 5.00990099009900991 5.00000000000000000 5.00000000000000000 5.00000000000000000 6 5
v2/scores_outfbv2-p51.txt:relation_mr_mrr_1_3_10_n_rf 302.00000000000000000 4.03021026844952512 4.00000000000000000 4.00000000000000000 4.00000000000000000 7 4
v2/scores_outfbv2-p52.txt:relation_mr_mrr_1_3_10_n_rf 211.00000000000000000 6.51978557504873280 6.00000000000000000 7.00000000000000000 7.00000000000000000 9 7
v2/scores_outfbv2-p53.txt:relation_mr_mrr_1_3_10_n_rf 200.00000000000000000 3.52053928797135018 3.00000000000000000 4.00000000000000000 4.00000000000000000 6 4
v2/scores_outfbv2-p54.txt:relation_mr_mrr_1_3_10_n_rf 0.00000000000000000 0.00000000000000000 0.00000000000000000 0.00000000000000000 0.00000000000000000 0 0
v2/scores_outfbv2-p55.txt:relation_mr_mrr_1_3_10_n_rf 9567.00000000000000000 54.41057278171052047 23.00000000000000000 90.00000000000000000 102.00000000000000000 194 102
v2/scores_outfbv2-p56.txt:relation_mr_mrr_1_3_10_n_rf 21.00000000000000000 12.33333333333333215 10.00000000000000000 15.00000000000000000 15.00000000000000000 15 15
v2/scores_outfbv2-p57.txt:relation_mr_mrr_1_3_10_n_rf 222.00000000000000000 1.25336538461538449 0.00000000000000000 2.00000000000000000 5.00000000000000000 7 5
v2/scores_outfbv2-p58.txt:relation_mr_mrr_1_3_10_n_rf 405.00000000000000000 0.03950883323626481 0.00000000000000000 0.00000000000000000 0.00000000000000000 4 0
v2/scores_outfbv2-p59.txt:relation_mr_mrr_1_3_10_n_rf 983.00000000000000000 39.25352241369475337 37.00000000000000000 42.00000000000000000 42.00000000000000000 51 42
v2/scores_outfbv2-p6.txt:relation_mr_mrr_1_3_10_n_rf 315.00000000000000000 12.02971073806409663 12.00000000000000000 12.00000000000000000 12.00000000000000000 15 12
v2/scores_outfbv2-p60.txt:relation_mr_mrr_1_3_10_n_rf 0.00000000000000000 0.00000000000000000 0.00000000000000000 0.00000000000000000 0.00000000000000000 0 0
v2/scores_outfbv2-p61.txt:relation_mr_mrr_1_3_10_n_rf 0.00000000000000000 0.00000000000000000 0.00000000000000000 0.00000000000000000 0.00000000000000000 0 0
v2/scores_outfbv2-p62.txt:relation_mr_mrr_1_3_10_n_rf 198.00000000000000000 0.02021026844952536 0.00000000000000000 0.00000000000000000 0.00000000000000000 2 0
v2/scores_outfbv2-p63.txt:relation_mr_mrr_1_3_10_n_rf 216.00000000000000000 0.82926705013847590 0.00000000000000000 2.00000000000000000 3.00000000000000000 5 3
v2/scores_outfbv2-p64.txt:relation_mr_mrr_1_3_10_n_rf 298.00000000000000000 0.03021026844952537 0.00000000000000000 0.00000000000000000 0.00000000000000000 3 0
v2/scores_outfbv2-p65.txt:relation_mr_mrr_1_3_10_n_rf 924.00000000000000000 1.58807035948986486 1.00000000000000000 2.00000000000000000 2.00000000000000000 11 2
v2/scores_outfbv2-p66.txt:relation_mr_mrr_1_3_10_n_rf 1992.00000000000000000 10.45302691906618620 9.00000000000000000 11.00000000000000000 12.00000000000000000 32 12
v2/scores_outfbv2-p67.txt:relation_mr_mrr_1_3_10_n_rf 305.00000000000000000 3.02980974796508740 3.00000000000000000 3.00000000000000000 3.00000000000000000 6 3
v2/scores_outfbv2-p68.txt:relation_mr_mrr_1_3_10_n_rf 0.00000000000000000 0.00000000000000000 0.00000000000000000 0.00000000000000000 0.00000000000000000 0 0
v2/scores_outfbv2-p69.txt:relation_mr_mrr_1_3_10_n_rf 103.00000000000000000 0.00970873786407767 0.00000000000000000 0.00000000000000000 0.00000000000000000 1 0
v2/scores_outfbv2-p7.txt:relation_mr_mrr_1_3_10_n_rf 211.00000000000000000 12.02010507173166332 12.00000000000000000 12.00000000000000000 12.00000000000000000 14 12
v2/scores_outfbv2-p70.txt:relation_mr_mrr_1_3_10_n_rf 800.00000000000000000 89.06898544505490634 89.00000000000000000 89.00000000000000000 89.00000000000000000 96 89
v2/scores_outfbv2-p71.txt:relation_mr_mrr_1_3_10_n_rf 337.00000000000000000 33.02963340082997945 33.00000000000000000 33.00000000000000000 33.00000000000000000 36 33
v2/scores_outfbv2-p72.txt:relation_mr_mrr_1_3_10_n_rf 1746.00000000000000000 9.90404037107466984 7.00000000000000000 11.00000000000000000 17.00000000000000000 34 17
v2/scores_outfbv2-p73.txt:relation_mr_mrr_1_3_10_n_rf 408.00000000000000000 0.54015113541429327 0.00000000000000000 1.00000000000000000 2.00000000000000000 6 2
v2/scores_outfbv2-p74.txt:relation_mr_mrr_1_3_10_n_rf 1049.00000000000000000 29.09818144383480032 29.00000000000000000 29.00000000000000000 29.00000000000000000 39 29
v2/scores_outfbv2-p75.txt:relation_mr_mrr_1_3_10_n_rf 1409.00000000000000000 0.13942832284011117 0.00000000000000000 0.00000000000000000 0.00000000000000000 14 0
v2/scores_outfbv2-p76.txt:relation_mr_mrr_1_3_10_n_rf 508.00000000000000000 0.54942165273299548 0.00000000000000000 1.00000000000000000 1.00000000000000000 6 1
v2/scores_outfbv2-p77.txt:relation_mr_mrr_1_3_10_n_rf 1250.00000000000000000 2.68788843033411640 1.00000000000000000 3.00000000000000000 8.00000000000000000 20 8
v2/scores_outfbv2-p78.txt:relation_mr_mrr_1_3_10_n_rf 1833.00000000000000000 8.12486663250943408 6.00000000000000000 9.00000000000000000 12.00000000000000000 30 12
v2/scores_outfbv2-p79.txt:relation_mr_mrr_1_3_10_n_rf 4.00000000000000000 4.00000000000000000 4.00000000000000000 4.00000000000000000 4.00000000000000000 4 4
v2/scores_outfbv2-p8.txt:relation_mr_mrr_1_3_10_n_rf 3691.00000000000000000 155.34794881877570560 154.00000000000000000 156.00000000000000000 156.00000000000000000 191 156
v2/scores_outfbv2-p80.txt:relation_mr_mrr_1_3_10_n_rf 590.00000000000000000 275.67610062893083978 214.00000000000000000 342.00000000000000000 342.00000000000000000 343 342
v2/scores_outfbv2-p81.txt:relation_mr_mrr_1_3_10_n_rf 200.00000000000000000 0.52021026844952534 0.00000000000000000 1.00000000000000000 1.00000000000000000 3 1
v2/scores_outfbv2-p82.txt:relation_mr_mrr_1_3_10_n_rf 402.00000000000000000 0.03982565306490998 0.00000000000000000 0.00000000000000000 0.00000000000000000 4 0
v2/scores_outfbv2-p83.txt:relation_mr_mrr_1_3_10_n_rf 241.00000000000000000 2.46251221560018196 1.00000000000000000 2.00000000000000000 8.00000000000000000 10 8
v2/scores_outfbv2-p84.txt:relation_mr_mrr_1_3_10_n_rf 2146.00000000000000000 23.79293403309196009 21.00000000000000000 26.00000000000000000 27.00000000000000000 48 27
v2/scores_outfbv2-p85.txt:relation_mr_mrr_1_3_10_n_rf 825.00000000000000000 0.07768557641639186 0.00000000000000000 0.00000000000000000 0.00000000000000000 8 0
v2/scores_outfbv2-p86.txt:relation_mr_mrr_1_3_10_n_rf 507.00000000000000000 2.04953439092898781 2.00000000000000000 2.00000000000000000 2.00000000000000000 7 2
v2/scores_outfbv2-p87.txt:relation_mr_mrr_1_3_10_n_rf 718.00000000000000000 9.06917243482579138 9.00000000000000000 9.00000000000000000 9.00000000000000000 16 9
v2/scores_outfbv2-p88.txt:relation_mr_mrr_1_3_10_n_rf 932.00000000000000000 12.08818144383480053 12.00000000000000000 12.00000000000000000 12.00000000000000000 21 12
v2/scores_outfbv2-p89.txt:relation_mr_mrr_1_3_10_n_rf 412.00000000000000000 11.03991900631360146 11.00000000000000000 11.00000000000000000 11.00000000000000000 15 11
v2/scores_outfbv2-p9.txt:relation_mr_mrr_1_3_10_n_rf 412.00000000000000000 297.00000000000000000 266.00000000000000000 328.00000000000000000 332.00000000000000000 332 332
v2/scores_outfbv2-p90.txt:relation_mr_mrr_1_3_10_n_rf 104.00000000000000000 3.00990099009900991 3.00000000000000000 3.00000000000000000 3.00000000000000000 4 3
v2/scores_outfbv2-p91.txt:relation_mr_mrr_1_3_10_n_rf 101.00000000000000000 0.00990099009900990 0.00000000000000000 0.00000000000000000 0.00000000000000000 1 0
v2/scores_outfbv2-p92.txt:relation_mr_mrr_1_3_10_n_rf 101.00000000000000000 0.00990099009900990 0.00000000000000000 0.00000000000000000 0.00000000000000000 1 0
v2/scores_outfbv2-p93.txt:relation_mr_mrr_1_3_10_n_rf 101.00000000000000000 0.00990099009900990 0.00000000000000000 0.00000000000000000 0.00000000000000000 1 0
v2/scores_outfbv2-p94.txt:relation_mr_mrr_1_3_10_n_rf 0.00000000000000000 0.00000000000000000 0.00000000000000000 0.00000000000000000 0.00000000000000000 0 0
v2/scores_outfbv2-p95.txt:relation_mr_mrr_1_3_10_n_rf 2025.00000000000000000 10.61829332077497590 4.00000000000000000 17.00000000000000000 18.00000000000000000 38 18
v2/scores_outfbv2-p96.txt:relation_mr_mrr_1_3_10_n_rf 408.00000000000000000 1.03931658100133251 1.00000000000000000 1.00000000000000000 1.00000000000000000 5 1
v2/scores_outfbv2-p97.txt:relation_mr_mrr_1_3_10_n_rf 102.00000000000000000 1.00990099009900991 1.00000000000000000 1.00000000000000000 1.00000000000000000 2 1
v2/scores_outfbv2-p98.txt:relation_mr_mrr_1_3_10_n_rf 21.00000000000000000 6.34285714285714342 5.00000000000000000 7.00000000000000000 9.00000000000000000 9 9
v2/scores_outfbv2-p99.txt:relation_mr_mrr_1_3_10_n_rf 530.00000000000000000 0.78174122174122174 0.00000000000000000 1.00000000000000000 3.00000000000000000 8 3
MR 21.6553
MRR 0.710671
HITS@1 64.7879
Coverage 79.5954
HITS@3 76.6889
HITS@10 79.5954
