========================================
ENTITY PREDICTION RESULTS
========================================
Relation prediction in progress: switch to entity prediction using report_stats_entities.
========================================
RELATION PREDICTION RESULTS
========================================
v4/scores_outfbv4-p0.txt:relation_mr_mrr_1_3_10_n_rf 225.00000000000000000 14.51914971596115045 14.00000000000000000 15.00000000000000000 15.00000000000000000 17 15
v4/scores_outfbv4-p1.txt:relation_mr_mrr_1_3_10_n_rf 0.00000000000000000 0.00000000000000000 0.00000000000000000 0.00000000000000000 0.00000000000000000 0 0
v4/scores_outfbv4-p10.txt:relation_mr_mrr_1_3_10_n_rf 1588.00000000000000000 924.05058765321962255 865.00000000000000000 982.00000000000000000 1006.00000000000000000 1009 1006
v4/scores_outfbv4-p100.txt:relation_mr_mrr_1_3_10_n_rf 203.00000000000000000 95.00925925925926663 95.00000000000000000 95.00000000000000000 95.00000000000000000 96 95
v4/scores_outfbv4-p101.txt:relation_mr_mrr_1_3_10_n_rf 726.00000000000000000 64.05478998708018423 63.00000000000000000 65.00000000000000000 65.00000000000000000 71 65
v4/scores_outfbv4-p102.txt:relation_mr_mrr_1_3_10_n_rf 317.00000000000000000 0.02845117845117845 0.00000000000000000 0.00000000000000000 0.00000000000000000 3 0
v4/scores_outfbv4-p103.txt:relation_mr_mrr_1_3_10_n_rf 890.00000000000000000 1.07227986799732844 1.00000000000000000 1.00000000000000000 1.00000000000000000 9 1
v4/scores_outfbv4-p104.txt:relation_mr_mrr_1_3_10_n_rf 211.00000000000000000 2.01921309064166188 2.00000000000000000 2.00000000000000000 2.00000000000000000 4 2
v4/scores_outfbv4-p105.txt:relation_mr_mrr_1_3_10_n_rf 1314.00000000000000000 6.11047359439312476 6.00000000000000000 6.00000000000000000 6.00000000000000000 18 6
v4/scores_outfbv4-p106.txt:relation_mr_mrr_1_3_10_n_rf 578.00000000000000000 2.02915554502259265 0.00000000000000000 2.00000000000000000 7.00000000000000000 12 7
v4/scores_outfbv4-p107.txt:relation_mr_mrr_1_3_10_n_rf 2779.00000000000000000 58.66983060565746655 40.00000000000000000 78.00000000000000000 81.00000000000000000 106 82
v4/scores_outfbv4-p108.txt:relation_mr_mrr_1_3_10_n_rf 28.00000000000000000 5.55952380952380931 3.00000000000000000 7.00000000000000000 10.00000000000000000 10 10
v4/scores_outfbv4-p109.txt:relation_mr_mrr_1_3_10_n_rf 1433.00000000000000000 14.11948260340213324 14.00000000000000000 14.00000000000000000 14.00000000000000000 27 14
v4/scores_outfbv4-p11.txt:relation_mr_mrr_1_3_10_n_rf 5571.00000000000000000 222.15344131444359732 175.00000000000000000 239.00000000000000000 338.00000000000000000 380 338
v4/scores_outfbv4-p110.txt:relation_mr_mrr_1_3_10_n_rf 144.00000000000000000 9.18562443845462795 6.00000000000000000 12.00000000000000000 15.00000000000000000 16 15
v4/scores_outfbv4-p111.txt:relation_mr_mrr_1_3_10_n_rf 16.00000000000000000 4.66666666666666607 2.00000000000000000 8.00000000000000000 8.00000000000000000 8 8
v4/scores_outfbv4-p112.txt:relation_mr_mrr_1_3_10_n_rf 144.00000000000000000 7.99259259259259380 6.00000000000000000 8.00000000000000000 13.00000000000000000 14 13
v4/scores_outfbv4-p113.txt:relation_mr_mrr_1_3_10_n_rf 317.00000000000000000 0.02845117845117845 0.00000000000000000 0.00000000000000000 0.00000000000000000 3 0
v4/scores_outfbv4-p114.txt:relation_mr_mrr_1_3_10_n_rf 317.00000000000000000 0.02845117845117845 0.00000000000000000 0.00000000000000000 0.00000000000000000 3 0
v4/scores_outfbv4-p115.txt:relation_mr_mrr_1_3_10_n_rf 559.00000000000000000 6.04543081727411646 6.00000000000000000 6.00000000000000000 6.00000000000000000 11 6
v4/scores_outfbv4-p116.txt:relation_mr_mrr_1_3_10_n_rf 782.00000000000000000 0.39648898715464109 0.00000000000000000 1.00000000000000000 1.00000000000000000 8 1
v4/scores_outfbv4-p117.txt:relation_mr_mrr_1_3_10_n_rf 247.00000000000000000 4.50250764525993930 2.00000000000000000 5.00000000000000000 11.00000000000000000 13 11
v4/scores_outfbv4-p118.txt:relation_mr_mrr_1_3_10_n_rf 2342.00000000000000000 109.26507296933382918 104.00000000000000000 115.00000000000000000 116.00000000000000000 136 116
v4/scores_outfbv4-p119.txt:relation_mr_mrr_1_3_10_n_rf 5532.00000000000000000 130.51551512400828869 88.00000000000000000 169.00000000000000000 201.00000000000000000 247 201
v4/scores_outfbv4-p12.txt:relation_mr_mrr_1_3_10_n_rf 1109.00000000000000000 517.57034019215154785 439.00000000000000000 596.00000000000000000 619.00000000000000000 621 619
v4/scores_outfbv4-p120.txt:relation_mr_mrr_1_3_10_n_rf 994.00000000000000000 0.08185199383954841 0.00000000000000000 0.00000000000000000 0.00000000000000000 9 0
v4/scores_outfbv4-p121.txt:relation_mr_mrr_1_3_10_n_rf 556.00000000000000000 4.04550983118056351 4.00000000000000000 4.00000000000000000 4.00000000000000000 9 4
v4/scores_outfbv4-p122.txt:relation_mr_mrr_1_3_10_n_rf 0.00000000000000000 0.00000000000000000 0.00000000000000000 0.00000000000000000 0.00000000000000000 0 0
v4/scores_outfbv4-p123.txt:relation_mr_mrr_1_3_10_n_rf 0.00000000000000000 0.00000000000000000 0.00000000000000000 0.00000000000000000 0.00000000000000000 0 0
v4/scores_outfbv4-p124.txt:relation_mr_mrr_1_3_10_n_rf 0.00000000000000000 0.00000000000000000 0.00000000000000000 0.00000000000000000 0.00000000000000000 0 0
v4/scores_outfbv4-p125.txt:relation_mr_mrr_1_3_10_n_rf 0.00000000000000000 0.00000000000000000 0.00000000000000000 0.00000000000000000 0.00000000000000000 0 0
v4/scores_outfbv4-p126.txt:relation_mr_mrr_1_3_10_n_rf 1649.00000000000000000 0.13689106046838170 0.00000000000000000 0.00000000000000000 0.00000000000000000 15 0
v4/scores_outfbv4-p127.txt:relation_mr_mrr_1_3_10_n_rf 790.00000000000000000 21.06394653466399092 21.00000000000000000 21.00000000000000000 21.00000000000000000 28 21
v4/scores_outfbv4-p128.txt:relation_mr_mrr_1_3_10_n_rf 0.00000000000000000 0.00000000000000000 0.00000000000000000 0.00000000000000000 0.00000000000000000 0 0
v4/scores_outfbv4-p129.txt:relation_mr_mrr_1_3_10_n_rf 337.00000000000000000 3.11123742311205786 1.00000000000000000 5.00000000000000000 6.00000000000000000 9 6
v4/scores_outfbv4-p13.txt:relation_mr_mrr_1_3_10_n_rf 3017.00000000000000000 191.24019171244219706 191.00000000000000000 191.00000000000000000 191.00000000000000000 217 191
v4/scores_outfbv4-p130.txt:relation_mr_mrr_1_3_10_n_rf 3566.00000000000000000 146.44140825634656267 119.00000000000000000 183.00000000000000000 183.00000000000000000 213 183
v4/scores_outfbv4-p131.txt:relation_mr_mrr_1_3_10_n_rf 894.00000000000000000 4.07219796791542965 4.00000000000000000 4.00000000000000000 4.00000000000000000 12 4
v4/scores_outfbv4-p132.txt:relation_mr_mrr_1_3_10_n_rf 891.00000000000000000 1.07222345679072784 1.00000000000000000 1.00000000000000000 1.00000000000000000 9 1
v4/scores_outfbv4-p133.txt:relation_mr_mrr_1_3_10_n_rf 321.00000000000000000 4.02845117845117873 4.00000000000000000 4.00000000000000000 4.00000000000000000 7 4
v4/scores_outfbv4-p134.txt:relation_mr_mrr_1_3_10_n_rf 20.00000000000000000 17.00000000000000000 16.00000000000000000 18.00000000000000000 18.00000000000000000 18 18
v4/scores_outfbv4-p135.txt:relation_mr_mrr_1_3_10_n_rf 914.00000000000000000 4.23830411196671353 1.00000000000000000 8.00000000000000000 8.00000000000000000 16 8
v4/scores_outfbv4-p136.txt:relation_mr_mrr_1_3_10_n_rf 10.00000000000000000 8.50000000000000000 8.00000000000000000 9.00000000000000000 9.00000000000000000 9 9
v4/scores_outfbv4-p137.txt:relation_mr_mrr_1_3_10_n_rf 364.00000000000000000 35.02808882078683439 34.00000000000000000 37.00000000000000000 37.00000000000000000 40 37
v4/scores_outfbv4-p138.txt:relation_mr_mrr_1_3_10_n_rf 2257.00000000000000000 72.34015993854480087 47.00000000000000000 101.00000000000000000 101.00000000000000000 120 101
v4/scores_outfbv4-p139.txt:relation_mr_mrr_1_3_10_n_rf 3299.00000000000000000 416.90446363837827448 408.00000000000000000 426.00000000000000000 426.00000000000000000 452 426
v4/scores_outfbv4-p14.txt:relation_mr_mrr_1_3_10_n_rf 2047.00000000000000000 86.06236569727808217 52.00000000000000000 112.00000000000000000 161.00000000000000000 175 161
v4/scores_outfbv4-p140.txt:relation_mr_mrr_1_3_10_n_rf 53.00000000000000000 53.00000000000000000 53.00000000000000000 53.00000000000000000 53.00000000000000000 53 53
v4/scores_outfbv4-p141.txt:relation_mr_mrr_1_3_10_n_rf 1542.00000000000000000 3.46156546728512016 2.00000000000000000 5.00000000000000000 5.00000000000000000 19 5
v4/scores_outfbv4-p142.txt:relation_mr_mrr_1_3_10_n_rf 599.00000000000000000 18.54561165829014158 10.00000000000000000 28.00000000000000000 28.00000000000000000 33 28
v4/scores_outfbv4-p143.txt:relation_mr_mrr_1_3_10_n_rf 6.00000000000000000 0.75000000000000000 0.00000000000000000 1.00000000000000000 2.00000000000000000 2 2
v4/scores_outfbv4-p144.txt:relation_mr_mrr_1_3_10_n_rf 3206.00000000000000000 83.24835383986435033 26.00000000000000000 141.00000000000000000 141.00000000000000000 168 141
v4/scores_outfbv4-p145.txt:relation_mr_mrr_1_3_10_n_rf 13.00000000000000000 7.00000000000000000 5.00000000000000000 9.00000000000000000 9.00000000000000000 9 9
v4/scores_outfbv4-p146.txt:relation_mr_mrr_1_3_10_n_rf 53.00000000000000000 51.50000000000000000 51.00000000000000000 52.00000000000000000 52.00000000000000000 52 52
v4/scores_outfbv4-p147.txt:relation_mr_mrr_1_3_10_n_rf 126.00000000000000000 78.73333333333333428 70.00000000000000000 87.00000000000000000 91.00000000000000000 91 91
v4/scores_outfbv4-p148.txt:relation_mr_mrr_1_3_10_n_rf 167.00000000000000000 107.24999999999998579 97.00000000000000000 120.00000000000000000 123.00000000000000000 123 123
v4/scores_outfbv4-p149.txt:relation_mr_mrr_1_3_10_n_rf 753.00000000000000000 87.05453213655452771 86.00000000000000000 88.00000000000000000 88.00000000000000000 94 88
v4/scores_outfbv4-p15.txt:relation_mr_mrr_1_3_10_n_rf 349.00000000000000000 18.02777095419952857 16.00000000000000000 20.00000000000000000 20.00000000000000000 23 20
v4/scores_outfbv4-p150.txt:relation_mr_mrr_1_3_10_n_rf 0.00000000000000000 0.00000000000000000 0.00000000000000000 0.00000000000000000 0.00000000000000000 0 0
v4/scores_outfbv4-p151.txt:relation_mr_mrr_1_3_10_n_rf 30.00000000000000000 28.50000000000000000 28.00000000000000000 29.00000000000000000 29.00000000000000000 29 29
v4/scores_outfbv4-p152.txt:relation_mr_mrr_1_3_10_n_rf 26.00000000000000000 20.00000000000000000 18.00000000000000000 22.00000000000000000 22.00000000000000000 22 22
v4/scores_outfbv4-p153.txt:relation_mr_mrr_1_3_10_n_rf 46.00000000000000000 35.50000000000000000 32.00000000000000000 39.00000000000000000 39.00000000000000000 39 39
v4/scores_outfbv4-p154.txt:relation_mr_mrr_1_3_10_n_rf 1137.00000000000000000 144.08189525261269637 144.00000000000000000 144.00000000000000000 144.00000000000000000 153 144
v4/scores_outfbv4-p155.txt:relation_mr_mrr_1_3_10_n_rf 16.00000000000000000 16.00000000000000000 16.00000000000000000 16.00000000000000000 16.00000000000000000 16 16
v4/scores_outfbv4-p156.txt:relation_mr_mrr_1_3_10_n_rf 230.00000000000000000 6.26933495236316141 4.00000000000000000 8.00000000000000000 10.00000000000000000 12 10
v4/scores_outfbv4-p157.txt:relation_mr_mrr_1_3_10_n_rf 0.00000000000000000 0.00000000000000000 0.00000000000000000 0.00000000000000000 0.00000000000000000 0 0
v4/scores_outfbv4-p158.txt:relation_mr_mrr_1_3_10_n_rf 556.00000000000000000 0.04520572432287203 0.00000000000000000 0.00000000000000000 0.00000000000000000 5 0
v4/scores_outfbv4-p159.txt:relation_mr_mrr_1_3_10_n_rf 3256.00000000000000000 20.37230921854850152 11.00000000000000000 27.00000000000000000 36.00000000000000000 65 36
v4/scores_outfbv4-p16.txt:relation_mr_mrr_1_3_10_n_rf 0.00000000000000000 0.00000000000000000 0.00000000000000000 0.00000000000000000 0.00000000000000000 0 0
v4/scores_outfbv4-p160.txt:relation_mr_mrr_1_3_10_n_rf 392.00000000000000000 32.50366650965204229 29.00000000000000000 34.00000000000000000 39.00000000000000000 42 39
v4/scores_outfbv4-p161.txt:relation_mr_mrr_1_3_10_n_rf 325.00000000000000000 1.86160160160160149 1.00000000000000000 3.00000000000000000 3.00000000000000000 6 3
v4/scores_outfbv4-p162.txt:relation_mr_mrr_1_3_10_n_rf 320.00000000000000000 0.52838740256826755 0.00000000000000000 1.00000000000000000 1.00000000000000000 4 1
v4/scores_outfbv4-p163.txt:relation_mr_mrr_1_3_10_n_rf 2094.00000000000000000 4.17362410862768662 3.00000000000000000 5.00000000000000000 5.00000000000000000 24 5
v4/scores_outfbv4-p164.txt:relation_mr_mrr_1_3_10_n_rf 6124.00000000000000000 63.50389734529665731 53.00000000000000000 73.00000000000000000 73.00000000000000000 128 73
v4/scores_outfbv4-p165.txt:relation_mr_mrr_1_3_10_n_rf 2975.00000000000000000 24.74846004933251464 23.00000000000000000 26.00000000000000000 26.00000000000000000 53 26
v4/scores_outfbv4-p166.txt:relation_mr_mrr_1_3_10_n_rf 1203.00000000000000000 2.10112780000060040 2.00000000000000000 2.00000000000000000 2.00000000000000000 13 2
v4/scores_outfbv4-p167.txt:relation_mr_mrr_1_3_10_n_rf 2746.00000000000000000 5.56380725728700565 2.00000000000000000 10.00000000000000000 10.00000000000000000 35 10
v4/scores_outfbv4-p168.txt:relation_mr_mrr_1_3_10_n_rf 890.00000000000000000 0.07219373030497540 0.00000000000000000 0.00000000000000000 0.00000000000000000 8 0
v4/scores_outfbv4-p169.txt:relation_mr_mrr_1_3_10_n_rf 1107.00000000000000000 9.09141906213652362 9.00000000000000000 9.00000000000000000 9.00000000000000000 19 9
v4/scores_outfbv4-p17.txt:relation_mr_mrr_1_3_10_n_rf 2191.00000000000000000 0.18329085942118239 0.00000000000000000 0.00000000000000000 0.00000000000000000 20 0
v4/scores_outfbv4-p170.txt:relation_mr_mrr_1_3_10_n_rf 1045.00000000000000000 46.83189525261271058 46.00000000000000000 47.00000000000000000 48.00000000000000000 57 48
v4/scores_outfbv4-p171.txt:relation_mr_mrr_1_3_10_n_rf 1.00000000000000000 1.00000000000000000 1.00000000000000000 1.00000000000000000 1.00000000000000000 1 1
v4/scores_outfbv4-p172.txt:relation_mr_mrr_1_3_10_n_rf 1014.00000000000000000 5.58093480702621747 4.00000000000000000 7.00000000000000000 7.00000000000000000 16 7
v4/scores_outfbv4-p173.txt:relation_mr_mrr_1_3_10_n_rf 207.00000000000000000 207.00000000000000000 207.00000000000000000 207.00000000000000000 207.00000000000000000 207 207
v4/scores_outfbv4-p174.txt:relation_mr_mrr_1_3_10_n_rf 802.00000000000000000 24.56414154489628032 21.00000000000000000 28.00000000000000000 28.00000000000000000 35 28
v4/scores_outfbv4-p175.txt:relation_mr_mrr_1_3_10_n_rf 5895.00000000000000000 24.98108403130691357 23.00000000000000000 26.00000000000000000 26.00000000000000000 79 26
v4/scores_outfbv4-p176.txt:relation_mr_mrr_1_3_10_n_rf 9796.00000000000000000 54.45096776347361356 9.00000000000000000 107.00000000000000000 119.00000000000000000 205 119
v4/scores_outfbv4-p177.txt:relation_mr_mrr_1_3_10_n_rf 6953.00000000000000000 99.68704963289755483 38.00000000000000000 169.00000000000000000 190.00000000000000000 249 190
v4/scores_outfbv4-p178.txt:relation_mr_mrr_1_3_10_n_rf 7255.00000000000000000 470.30502303130379005 462.00000000000000000 482.00000000000000000 483.00000000000000000 544 483
v4/scores_outfbv4-p179.txt:relation_mr_mrr_1_3_10_n_rf 2745.00000000000000000 29.23106977452698985 29.00000000000000000 29.00000000000000000 29.00000000000000000 54 29
v4/scores_outfbv4-p18.txt:relation_mr_mrr_1_3_10_n_rf 177.00000000000000000 8.71331404836077539 4.00000000000000000 11.00000000000000000 19.00000000000000000 20 19
v4/scores_outfbv4-p180.txt:relation_mr_mrr_1_3_10_n_rf 238.00000000000000000 3.08502920035938910 2.00000000000000000 3.00000000000000000 6.00000000000000000 8 6
v4/scores_outfbv4-p181.txt:relation_mr_mrr_1_3_10_n_rf 2212.00000000000000000 1.91595702608021812 1.00000000000000000 2.00000000000000000 4.00000000000000000 24 4
v4/scores_outfbv4-p182.txt:relation_mr_mrr_1_3_10_n_rf 555.00000000000000000 16.98134958260002136 9.00000000000000000 22.00000000000000000 33.00000000000000000 37 33
v4/scores_outfbv4-p183.txt:relation_mr_mrr_1_3_10_n_rf 86.00000000000000000 86.00000000000000000 86.00000000000000000 86.00000000000000000 86.00000000000000000 86 86
v4/scores_outfbv4-p184.txt:relation_mr_mrr_1_3_10_n_rf 318.00000000000000000 1.02845117845117850 1.00000000000000000 1.00000000000000000 1.00000000000000000 4 1
v4/scores_outfbv4-p185.txt:relation_mr_mrr_1_3_10_n_rf 349.00000000000000000 7.52828433103662498 0.00000000000000000 15.00000000000000000 15.00000000000000000 18 15
v4/scores_outfbv4-p186.txt:relation_mr_mrr_1_3_10_n_rf 0.00000000000000000 0.00000000000000000 0.00000000000000000 0.00000000000000000 0.00000000000000000 0 0
v4/scores_outfbv4-p187.txt:relation_mr_mrr_1_3_10_n_rf 0.00000000000000000 0.00000000000000000 0.00000000000000000 0.00000000000000000 0.00000000000000000 0 0
v4/scores_outfbv4-p188.txt:relation_mr_mrr_1_3_10_n_rf 1246.00000000000000000 8.59994415296207393 1.00000000000000000 16.00000000000000000 16.00000000000000000 27 16
v4/scores_outfbv4-p189.txt:relation_mr_mrr_1_3_10_n_rf 1111.00000000000000000 13.09141906213652362 13.00000000000000000 13.00000000000000000 13.00000000000000000 23 13
v4/scores_outfbv4-p19.txt:relation_mr_mrr_1_3_10_n_rf 18.00000000000000000 7.00000000000000000 5.00000000000000000 10.00000000000000000 10.00000000000000000 10 10
v4/scores_outfbv4-p190.txt:relation_mr_mrr_1_3_10_n_rf 1028.00000000000000000 22.58147874648242492 20.00000000000000000 25.00000000000000000 25.00000000000000000 34 25
v4/scores_outfbv4-p191.txt:relation_mr_mrr_1_3_10_n_rf 2089.00000000000000000 0.17348693785255495 0.00000000000000000 0.00000000000000000 0.00000000000000000 19 0
v4/scores_outfbv4-p192.txt:relation_mr_mrr_1_3_10_n_rf 1767.00000000000000000 0.14544549128611853 0.00000000000000000 0.00000000000000000 0.00000000000000000 16 0
v4/scores_outfbv4-p193.txt:relation_mr_mrr_1_3_10_n_rf 996.00000000000000000 3.08189525261271413 3.00000000000000000 3.00000000000000000 3.00000000000000000 12 3
v4/scores_outfbv4-p194.txt:relation_mr_mrr_1_3_10_n_rf 0.00000000000000000 0.00000000000000000 0.00000000000000000 0.00000000000000000 0.00000000000000000 0 0
v4/scores_outfbv4-p195.txt:relation_mr_mrr_1_3_10_n_rf 482.00000000000000000 42.03658125975199056 42.00000000000000000 42.00000000000000000 42.00000000000000000 46 42
v4/scores_outfbv4-p196.txt:relation_mr_mrr_1_3_10_n_rf 2749.00000000000000000 33.23106977452699340 33.00000000000000000 33.00000000000000000 33.00000000000000000 58 33
v4/scores_outfbv4-p197.txt:relation_mr_mrr_1_3_10_n_rf 123.00000000000000000 8.20934579439252232 7.00000000000000000 9.00000000000000000 10.00000000000000000 11 10
v4/scores_outfbv4-p198.txt:relation_mr_mrr_1_3_10_n_rf 24.00000000000000000 15.75000000000000000 14.00000000000000000 17.00000000000000000 18.00000000000000000 18 18
v4/scores_outfbv4-p199.txt:relation_mr_mrr_1_3_10_n_rf 17.00000000000000000 8.44999999999999929 8.00000000000000000 8.00000000000000000 10.00000000000000000 10 10
v4/scores_outfbv4-p2.txt:relation_mr_mrr_1_3_10_n_rf 779.00000000000000000 9.06389012345739431 9.00000000000000000 9.00000000000000000 9.00000000000000000 16 9
v4/scores_outfbv4-p20.txt:relation_mr_mrr_1_3_10_n_rf 2609.00000000000000000 0.22181346515819522 0.00000000000000000 0.00000000000000000 0.00000000000000000 24 0
v4/scores_outfbv4-p200.txt:relation_mr_mrr_1_3_10_n_rf 49.00000000000000000 3.79166666666666696 3.00000000000000000 3.00000000000000000 9.00000000000000000 9 9
v4/scores_outfbv4-p201.txt:relation_mr_mrr_1_3_10_n_rf 7782.00000000000000000 15.65180229321093819 15.00000000000000000 15.00000000000000000 15.00000000000000000 86 15
v4/scores_outfbv4-p202.txt:relation_mr_mrr_1_3_10_n_rf 1309.00000000000000000 1.11047359439312388 1.00000000000000000 1.00000000000000000 1.00000000000000000 13 1
v4/scores_outfbv4-p203.txt:relation_mr_mrr_1_3_10_n_rf 889.00000000000000000 0.07227986799732868 0.00000000000000000 0.00000000000000000 0.00000000000000000 8 0
v4/scores_outfbv4-p204.txt:relation_mr_mrr_1_3_10_n_rf 1883.00000000000000000 12.65551465729130776 11.00000000000000000 14.00000000000000000 14.00000000000000000 31 14
v4/scores_outfbv4-p205.txt:relation_mr_mrr_1_3_10_n_rf 43.00000000000000000 43.00000000000000000 43.00000000000000000 43.00000000000000000 43.00000000000000000 43 43
v4/scores_outfbv4-p206.txt:relation_mr_mrr_1_3_10_n_rf 561.00000000000000000 9.04550983118056173 9.00000000000000000 9.00000000000000000 9.00000000000000000 14 9
v4/scores_outfbv4-p207.txt:relation_mr_mrr_1_3_10_n_rf 115.00000000000000000 7.00925925925925952 7.00000000000000000 7.00000000000000000 7.00000000000000000 8 7
v4/scores_outfbv4-p208.txt:relation_mr_mrr_1_3_10_n_rf 2206.00000000000000000 0.93246689013046302 0.00000000000000000 1.00000000000000000 2.00000000000000000 22 2
v4/scores_outfbv4-p209.txt:relation_mr_mrr_1_3_10_n_rf 216.00000000000000000 1.71927532202761557 1.00000000000000000 2.00000000000000000 3.00000000000000000 5 3
v4/scores_outfbv4-p21.txt:relation_mr_mrr_1_3_10_n_rf 527.00000000000000000 8.60547783695313662 2.00000000000000000 12.00000000000000000 23.00000000000000000 27 23
v4/scores_outfbv4-p210.txt:relation_mr_mrr_1_3_10_n_rf 240.00000000000000000 15.96924678449153134 13.00000000000000000 18.00000000000000000 20.00000000000000000 22 20
v4/scores_outfbv4-p211.txt:relation_mr_mrr_1_3_10_n_rf 1918.00000000000000000 45.15521378545322762 44.00000000000000000 46.00000000000000000 46.00000000000000000 63 46
v4/scores_outfbv4-p212.txt:relation_mr_mrr_1_3_10_n_rf 5.00000000000000000 2.00000000000000000 1.00000000000000000 3.00000000000000000 3.00000000000000000 3 3
v4/scores_outfbv4-p213.txt:relation_mr_mrr_1_3_10_n_rf 228.00000000000000000 5.47747603346156176 4.00000000000000000 7.00000000000000000 8.00000000000000000 10 8
v4/scores_outfbv4-p214.txt:relation_mr_mrr_1_3_10_n_rf 2641.00000000000000000 53.96031668060177822 48.00000000000000000 56.00000000000000000 66.00000000000000000 89 66
v4/scores_outfbv4-p215.txt:relation_mr_mrr_1_3_10_n_rf 371.00000000000000000 7.64511784511784587 3.00000000000000000 10.00000000000000000 17.00000000000000000 20 17
v4/scores_outfbv4-p216.txt:relation_mr_mrr_1_3_10_n_rf 319.00000000000000000 2.02845117845117828 2.00000000000000000 2.00000000000000000 2.00000000000000000 5 2
v4/scores_outfbv4-p217.txt:relation_mr_mrr_1_3_10_n_rf 30.00000000000000000 28.50000000000000000 28.00000000000000000 29.00000000000000000 29.00000000000000000 29 29
v4/scores_outfbv4-p218.txt:relation_mr_mrr_1_3_10_n_rf 769.00000000000000000 0.06395568862917539 0.00000000000000000 0.00000000000000000 0.00000000000000000 7 0
v4/scores_outfbv4-p22.txt:relation_mr_mrr_1_3_10_n_rf 523.00000000000000000 9.20492166381099786 6.00000000000000000 7.00000000000000000 20.00000000000000000 24 20
v4/scores_outfbv4-p23.txt:relation_mr_mrr_1_3_10_n_rf 1332.00000000000000000 3.77611962774472110 2.00000000000000000 6.00000000000000000 6.00000000000000000 18 6
v4/scores_outfbv4-p24.txt:relation_mr_mrr_1_3_10_n_rf 10.00000000000000000 10.00000000000000000 10.00000000000000000 10.00000000000000000 10.00000000000000000 10 10
v4/scores_outfbv4-p25.txt:relation_mr_mrr_1_3_10_n_rf 902.00000000000000000 0.73832399991490893 0.00000000000000000 2.00000000000000000 2.00000000000000000 10 2
v4/scores_outfbv4-p26.txt:relation_mr_mrr_1_3_10_n_rf 222.00000000000000000 15.01936026936026991 15.00000000000000000 15.00000000000000000 15.00000000000000000 17 15
v4/scores_outfbv4-p27.txt:relation_mr_mrr_1_3_10_n_rf 3809.00000000000000000 0.32293287199898246 0.00000000000000000 0.00000000000000000 0.00000000000000000 35 0
v4/scores_outfbv4-p28.txt:relation_mr_mrr_1_3_10_n_rf 9.00000000000000000 3.33333333333333304 2.00000000000000000 5.00000000000000000 5.00000000000000000 5 5
v4/scores_outfbv4-p29.txt:relation_mr_mrr_1_3_10_n_rf 32.00000000000000000 12.03333333333333321 9.00000000000000000 16.00000000000000000 17.00000000000000000 17 17
v4/scores_outfbv4-p3.txt:relation_mr_mrr_1_3_10_n_rf 8991.00000000000000000 460.71615602324965266 460.00000000000000000 460.00000000000000000 460.00000000000000000 538 460
v4/scores_outfbv4-p30.txt:relation_mr_mrr_1_3_10_n_rf 776.00000000000000000 39.78779493463823513 24.00000000000000000 54.00000000000000000 71.00000000000000000 77 72
v4/scores_outfbv4-p31.txt:relation_mr_mrr_1_3_10_n_rf 1375.00000000000000000 60.13709779606288208 39.00000000000000000 82.00000000000000000 100.00000000000000000 110 100
v4/scores_outfbv4-p32.txt:relation_mr_mrr_1_3_10_n_rf 1201.00000000000000000 0.10112780000060048 0.00000000000000000 0.00000000000000000 0.00000000000000000 11 0
v4/scores_outfbv4-p33.txt:relation_mr_mrr_1_3_10_n_rf 150.00000000000000000 2.19188034188034164 0.00000000000000000 3.00000000000000000 8.00000000000000000 9 8
v4/scores_outfbv4-p34.txt:relation_mr_mrr_1_3_10_n_rf 659.00000000000000000 0.05485562557308625 0.00000000000000000 0.00000000000000000 0.00000000000000000 6 0
v4/scores_outfbv4-p35.txt:relation_mr_mrr_1_3_10_n_rf 207.00000000000000000 0.01936026936026936 0.00000000000000000 0.00000000000000000 0.00000000000000000 2 0
v4/scores_outfbv4-p36.txt:relation_mr_mrr_1_3_10_n_rf 1101.00000000000000000 3.09141906213652318 3.00000000000000000 3.00000000000000000 3.00000000000000000 13 3
v4/scores_outfbv4-p37.txt:relation_mr_mrr_1_3_10_n_rf 112.00000000000000000 4.00925925925925952 4.00000000000000000 4.00000000000000000 4.00000000000000000 5 4
v4/scores_outfbv4-p38.txt:relation_mr_mrr_1_3_10_n_rf 2500.00000000000000000 0.21252316789992884 0.00000000000000000 0.00000000000000000 0.00000000000000000 23 0
v4/scores_outfbv4-p39.txt:relation_mr_mrr_1_3_10_n_rf 776.00000000000000000 7.06394653466399447 7.00000000000000000 7.00000000000000000 7.00000000000000000 14 7
v4/scores_outfbv4-p4.txt:relation_mr_mrr_1_3_10_n_rf 2201.00000000000000000 326.15478263819341009 326.00000000000000000 326.00000000000000000 326.00000000000000000 343 326
v4/scores_outfbv4-p40.txt:relation_mr_mrr_1_3_10_n_rf 0.00000000000000000 0.00000000000000000 0.00000000000000000 0.00000000000000000 0.00000000000000000 0 0
v4/scores_outfbv4-p41.txt:relation_mr_mrr_1_3_10_n_rf 0.00000000000000000 0.00000000000000000 0.00000000000000000 0.00000000000000000 0.00000000000000000 0 0
v4/scores_outfbv4-p42.txt:relation_mr_mrr_1_3_10_n_rf 3484.00000000000000000 8.29564751157499281 8.00000000000000000 8.00000000000000000 8.00000000000000000 40 8
v4/scores_outfbv4-p43.txt:relation_mr_mrr_1_3_10_n_rf 0.00000000000000000 0.00000000000000000 0.00000000000000000 0.00000000000000000 0.00000000000000000 0 0
v4/scores_outfbv4-p44.txt:relation_mr_mrr_1_3_10_n_rf 0.00000000000000000 0.00000000000000000 0.00000000000000000 0.00000000000000000 0.00000000000000000 0 0
v4/scores_outfbv4-p45.txt:relation_mr_mrr_1_3_10_n_rf 2279.00000000000000000 84.68327780800136395 83.00000000000000000 86.00000000000000000 86.00000000000000000 106 86
v4/scores_outfbv4-p46.txt:relation_mr_mrr_1_3_10_n_rf 149.00000000000000000 0.70337301587301593 0.00000000000000000 0.00000000000000000 5.00000000000000000 6 5
v4/scores_outfbv4-p47.txt:relation_mr_mrr_1_3_10_n_rf 16.00000000000000000 4.64285714285714235 3.00000000000000000 6.00000000000000000 7.00000000000000000 7 7
v4/scores_outfbv4-p48.txt:relation_mr_mrr_1_3_10_n_rf 108.00000000000000000 0.00925925925925926 0.00000000000000000 0.00000000000000000 0.00000000000000000 1 0
v4/scores_outfbv4-p49.txt:relation_mr_mrr_1_3_10_n_rf 179.00000000000000000 71.00925925925926663 71.00000000000000000 71.00000000000000000 71.00000000000000000 72 71
v4/scores_outfbv4-p5.txt:relation_mr_mrr_1_3_10_n_rf 529.00000000000000000 212.02845117845117784 212.00000000000000000 212.00000000000000000 212.00000000000000000 215 212
v4/scores_outfbv4-p50.txt:relation_mr_mrr_1_3_10_n_rf 334.00000000000000000 17.02845117845117784 17.00000000000000000 17.00000000000000000 17.00000000000000000 20 17
v4/scores_outfbv4-p51.txt:relation_mr_mrr_1_3_10_n_rf 327.00000000000000000 10.02845117845117962 10.00000000000000000 10.00000000000000000 10.00000000000000000 13 10
v4/scores_outfbv4-p52.txt:relation_mr_mrr_1_3_10_n_rf 1037.00000000000000000 44.08189525261271768 44.00000000000000000 44.00000000000000000 44.00000000000000000 53 44
v4/scores_outfbv4-p53.txt:relation_mr_mrr_1_3_10_n_rf 552.00000000000000000 0.04550983118056288 0.00000000000000000 0.00000000000000000 0.00000000000000000 5 0
v4/scores_outfbv4-p54.txt:relation_mr_mrr_1_3_10_n_rf 1157.00000000000000000 163.08178768521599977 163.00000000000000000 163.00000000000000000 163.00000000000000000 172 163
v4/scores_outfbv4-p55.txt:relation_mr_mrr_1_3_10_n_rf 6886.00000000000000000 100.06900121095864620 99.00000000000000000 100.00000000000000000 100.00000000000000000 162 100
v4/scores_outfbv4-p56.txt:relation_mr_mrr_1_3_10_n_rf 1227.00000000000000000 17.10123630671139949 14.00000000000000000 20.00000000000000000 20.00000000000000000 31 20
v4/scores_outfbv4-p57.txt:relation_mr_mrr_1_3_10_n_rf 566.00000000000000000 10.54535605370430495 10.00000000000000000 11.00000000000000000 11.00000000000000000 16 11
v4/scores_outfbv4-p58.txt:relation_mr_mrr_1_3_10_n_rf 22.00000000000000000 8.19999999999999929 7.00000000000000000 8.00000000000000000 11.00000000000000000 11 11
v4/scores_outfbv4-p59.txt:relation_mr_mrr_1_3_10_n_rf 1769.00000000000000000 2.14544549128611894 2.00000000000000000 2.00000000000000000 2.00000000000000000 18 2
v4/scores_outfbv4-p6.txt:relation_mr_mrr_1_3_10_n_rf 1809.00000000000000000 156.13684447205878314 155.00000000000000000 157.00000000000000000 157.00000000000000000 172 157
v4/scores_outfbv4-p60.txt:relation_mr_mrr_1_3_10_n_rf 238.00000000000000000 7.63580936679489497 4.00000000000000000 11.00000000000000000 13.00000000000000000 15 13
v4/scores_outfbv4-p61.txt:relation_mr_mrr_1_3_10_n_rf 229.00000000000000000 6.26879964695498693 4.00000000000000000 8.00000000000000000 9.00000000000000000 11 9
v4/scores_outfbv4-p62.txt:relation_mr_mrr_1_3_10_n_rf 0.00000000000000000 0.00000000000000000 0.00000000000000000 0.00000000000000000 0.00000000000000000 0 0
v4/scores_outfbv4-p63.txt:relation_mr_mrr_1_3_10_n_rf 11871.00000000000000000 313.02873201589710561 207.00000000000000000 418.00000000000000000 456.00000000000000000 556 456
v4/scores_outfbv4-p64.txt:relation_mr_mrr_1_3_10_n_rf 869.00000000000000000 26.68945890199961468 17.00000000000000000 34.00000000000000000 42.00000000000000000 49 42
v4/scores_outfbv4-p65.txt:relation_mr_mrr_1_3_10_n_rf 344.00000000000000000 12.02825630252100808 10.00000000000000000 14.00000000000000000 15.00000000000000000 18 15
v4/scores_outfbv4-p66.txt:relation_mr_mrr_1_3_10_n_rf 484.00000000000000000 7.04813476130549343 4.00000000000000000 9.00000000000000000 13.00000000000000000 17 13
v4/scores_outfbv4-p67.txt:relation_mr_mrr_1_3_10_n_rf 1498.00000000000000000 66.45274505893893036 63.00000000000000000 70.00000000000000000 70.00000000000000000 83 70
v4/scores_outfbv4-p68.txt:relation_mr_mrr_1_3_10_n_rf 329.00000000000000000 12.02846930265016745 12.00000000000000000 12.00000000000000000 12.00000000000000000 15 12
v4/scores_outfbv4-p69.txt:relation_mr_mrr_1_3_10_n_rf 444.00000000000000000 0.03622999940073111 0.00000000000000000 0.00000000000000000 0.00000000000000000 4 0
v4/scores_outfbv4-p7.txt:relation_mr_mrr_1_3_10_n_rf 1124.00000000000000000 20.59110528026915432 20.00000000000000000 21.00000000000000000 21.00000000000000000 31 21
v4/scores_outfbv4-p70.txt:relation_mr_mrr_1_3_10_n_rf 776.00000000000000000 0.06339216880181767 0.00000000000000000 0.00000000000000000 0.00000000000000000 7 0
v4/scores_outfbv4-p71.txt:relation_mr_mrr_1_3_10_n_rf 596.00000000000000000 3.26257846694821740 2.00000000000000000 3.00000000000000000 8.00000000000000000 13 8
v4/scores_outfbv4-p72.txt:relation_mr_mrr_1_3_10_n_rf 208.00000000000000000 1.01936026936026947 1.00000000000000000 1.00000000000000000 1.00000000000000000 3 1
v4/scores_outfbv4-p73.txt:relation_mr_mrr_1_3_10_n_rf 1502.00000000000000000 13.47896020392209948 8.00000000000000000 17.00000000000000000 24.00000000000000000 37 24
v4/scores_outfbv4-p74.txt:relation_mr_mrr_1_3_10_n_rf 1226.00000000000000000 55.45819543455233713 42.00000000000000000 70.00000000000000000 75.00000000000000000 85 75
v4/scores_outfbv4-p75.txt:relation_mr_mrr_1_3_10_n_rf 1339.00000000000000000 0.10796385060405179 0.00000000000000000 0.00000000000000000 0.00000000000000000 12 0
v4/scores_outfbv4-p76.txt:relation_mr_mrr_1_3_10_n_rf 319.00000000000000000 0.02828433103662462 0.00000000000000000 0.00000000000000000 0.00000000000000000 3 0
v4/scores_outfbv4-p77.txt:relation_mr_mrr_1_3_10_n_rf 0.00000000000000000 0.00000000000000000 0.00000000000000000 0.00000000000000000 0.00000000000000000 0 0
v4/scores_outfbv4-p78.txt:relation_mr_mrr_1_3_10_n_rf 1250.00000000000000000 0.63429096175860877 0.00000000000000000 1.00000000000000000 2.00000000000000000 14 3
v4/scores_outfbv4-p79.txt:relation_mr_mrr_1_3_10_n_rf 2026.00000000000000000 573.95412246256785238 559.00000000000000000 589.00000000000000000 589.00000000000000000 602 589
v4/scores_outfbv4-p8.txt:relation_mr_mrr_1_3_10_n_rf 916.00000000000000000 23.48167655153104860 10.00000000000000000 31.00000000000000000 47.00000000000000000 54 47
v4/scores_outfbv4-p80.txt:relation_mr_mrr_1_3_10_n_rf 1000.00000000000000000 41.57196843102551753 20.00000000000000000 63.00000000000000000 63.00000000000000000 71 63
v4/scores_outfbv4-p81.txt:relation_mr_mrr_1_3_10_n_rf 1924.00000000000000000 13.10916192846830164 6.00000000000000000 20.00000000000000000 30.00000000000000000 46 30
v4/scores_outfbv4-p82.txt:relation_mr_mrr_1_3_10_n_rf 2141.00000000000000000 2.16936391749509561 2.00000000000000000 2.00000000000000000 2.00000000000000000 21 2
v4/scores_outfbv4-p83.txt:relation_mr_mrr_1_3_10_n_rf 804.00000000000000000 35.06394653466399802 35.00000000000000000 35.00000000000000000 35.00000000000000000 42 35
v4/scores_outfbv4-p84.txt:relation_mr_mrr_1_3_10_n_rf 1324.00000000000000000 2.60981052314995488 1.00000000000000000 4.00000000000000000 4.00000000000000000 16 4
v4/scores_outfbv4-p85.txt:relation_mr_mrr_1_3_10_n_rf 780.00000000000000000 3.06321196045543465 3.00000000000000000 3.00000000000000000 3.00000000000000000 10 3
v4/scores_outfbv4-p86.txt:relation_mr_mrr_1_3_10_n_rf 1780.00000000000000000 15.26102218368752261 3.00000000000000000 11.00000000000000000 52.00000000000000000 66 52
v4/scores_outfbv4-p87.txt:relation_mr_mrr_1_3_10_n_rf 2201.00000000000000000 48.16604574656147264 39.00000000000000000 54.00000000000000000 62.00000000000000000 81 62
v4/scores_outfbv4-p88.txt:relation_mr_mrr_1_3_10_n_rf 18.00000000000000000 6.33333333333333304 3.00000000000000000 10.00000000000000000 10.00000000000000000 10 10
v4/scores_outfbv4-p89.txt:relation_mr_mrr_1_3_10_n_rf 26790.00000000000000000 49.72378632121743181 22.00000000000000000 73.00000000000000000 73.00000000000000000 316 73
v4/scores_outfbv4-p9.txt:relation_mr_mrr_1_3_10_n_rf 5526.00000000000000000 692.40195379815668275 692.00000000000000000 692.00000000000000000 692.00000000000000000 736 692
v4/scores_outfbv4-p90.txt:relation_mr_mrr_1_3_10_n_rf 3261.00000000000000000 400.74919710760110547 204.00000000000000000 654.00000000000000000 659.00000000000000000 677 659
v4/scores_outfbv4-p91.txt:relation_mr_mrr_1_3_10_n_rf 669.00000000000000000 1.38766856328331700 1.00000000000000000 2.00000000000000000 2.00000000000000000 8 2
v4/scores_outfbv4-p92.txt:relation_mr_mrr_1_3_10_n_rf 1129.00000000000000000 6.90073794468091695 5.00000000000000000 9.00000000000000000 11.00000000000000000 21 11
v4/scores_outfbv4-p93.txt:relation_mr_mrr_1_3_10_n_rf 618.00000000000000000 24.92501924477153707 14.00000000000000000 31.00000000000000000 51.00000000000000000 55 51
v4/scores_outfbv4-p94.txt:relation_mr_mrr_1_3_10_n_rf 1793.00000000000000000 107.53643328302928239 103.00000000000000000 113.00000000000000000 115.00000000000000000 130 115
v4/scores_outfbv4-p95.txt:relation_mr_mrr_1_3_10_n_rf 673.00000000000000000 0.38721202326404969 0.00000000000000000 1.00000000000000000 1.00000000000000000 7 1
v4/scores_outfbv4-p96.txt:relation_mr_mrr_1_3_10_n_rf 1132.00000000000000000 24.09157440290316643 20.00000000000000000 28.00000000000000000 28.00000000000000000 38 28
v4/scores_outfbv4-p97.txt:relation_mr_mrr_1_3_10_n_rf 0.00000000000000000 0.00000000000000000 0.00000000000000000 0.00000000000000000 0.00000000000000000 0 0
v4/scores_outfbv4-p98.txt:relation_mr_mrr_1_3_10_n_rf 136.00000000000000000 28.00925925925925952 28.00000000000000000 28.00000000000000000 28.00000000000000000 29 28
v4/scores_outfbv4-p99.txt:relation_mr_mrr_1_3_10_n_rf 2166.00000000000000000 77.17348693785255875 77.00000000000000000 77.00000000000000000 77.00000000000000000 96 77
MR 20.0211
MRR 0.704637
HITS@1 61.9211
Coverage 82.8913
HITS@3 78.6176
HITS@10 82.8707
