00001740	0
00001930	1
00002137	2
00002325	3
00002452	4
00002573	5
00002684	6
00003316	7
00003356	8
00003553	9
00004227	10
00004258	11
00004475	12
00004605	13
00005041	14
00006336	15
00006484	16
00007347	17
00007846	18
00010435	19
00011757	20
00013160	21
00013328	22
00013615	23
00014549	24
00015388	25
00017222	26
00018158	27
00019128	28
00019448	29
00019613	30
00019792	31
00020090	32
00020827	33
00021265	34
00021766	35
00021939	36
00022316	37
00022686	38
00023100	39
00023271	40
00023773	41
00024264	42
00024720	43
00024814	44
00025034	45
00027167	46
00027807	47
00028362	48
00029378	49
00029677	50
00030358	51
00031264	52
00031921	53
00032613	54
00033020	55
00033599	56
00033615	57
00034213	58
00034574	59
00035189	60
00035603	61
00035758	62
00036178	63
00036362	64
00037396	65
00037457	66
00037919	67
00038750	68
00038849	69
00039021	70
00040152	71
00040325	72
00040353	73
00040962	74
00041188	75
00041899	76
00042311	77
00042457	78
00042757	79
00043195	80
00043411	81
00043609	82
00043683	83
00043765	84
00043902	85
00044149	86
00044150	87
00044455	88
00044797	89
00045250	90
00045639	91
00045907	92
00046177	93
00046522	94
00046534	95
00046639	96
00047317	97
00047945	98
00048129	99
00048225	100
00048374	101
00048633	102
00048656	103
00049003	104
00050037	105
00050195	106
00050652	107
00050693	108
00051712	109
00052334	110
00052500	111
00052672	112
00053097	113
00053609	114
00053913	115
00054628	116
00055142	117
00055315	118
00055539	119
00055633	120
00055871	121
00056188	122
00056688	123
00056930	124
00058002	125
00058519	126
00058743	127
00059019	128
00059127	129
00059376	130
00060201	131
00062133	132
00062451	133
00062806	134
00063652	135
00064479	136
00064643	137
00065184	138
00065575	139
00066191	140
00066216	141
00066636	142
00066685	143
00066901	144
00067274	145
00067990	146
00068333	147
00068617	148
00069295	149
00069879	150
00070641	151
00070816	152
00071178	153
00072012	154
00073584	155
00074038	156
00075021	157
00075135	158
00075515	159
00077419	160
00078760	161
00079018	162
00079398	163
00081072	164
00081572	165
00081725	166
00081836	167
00082081	168
00082241	169
00082563	170
00083260	171
00084230	172
00084562	173
00084738	174
00086809	175
00089351	176
00090186	177
00090708	178
00090779	179
00090888	180
00091013	181
00093327	182
00093483	183
00094460	184
00095502	185
00095747	186
00096343	187
00097504	188
00099721	189
00100253	190
00100543	191
00101191	192
00101779	193
00102457	194
00102586	195
00102779	196
00103696	197
00104539	198
00104868	199
00105333	200
00105624	201
00107739	202
00107943	203
00109660	204
00111129	205
00112312	206
00112628	207
00112997	208
00114431	209
00114837	210
00114871	211
00115036	212
00115157	213
00115803	214
00116376	215
00116619	216
00116687	217
00117985	218
00118523	219
00119266	220
00119524	221
00121166	222
00121366	223
00121865	224
00122954	225
00123170	226
00124880	227
00125436	228
00125629	229
00125841	230
00126264	231
00133338	232
00134780	233
00135504	234
00136991	235
00137313	236
00138508	237
00138956	238
00140123	239
00140652	240
00140900	241
00140967	242
00141806	243
00142191	244
00143251	245
00144314	246
00144694	247
00144850	248
00145218	249
00146138	250
00146572	251
00147187	252
00147454	253
00147595	254
00148978	255
00150202	256
00150287	257
00151087	258
00151497	259
00151689	260
00152018	261
00152887	262
00153263	263
00153961	264
00154233	265
00154433	266
00154778	267
00155487	268
00156390	269
00156601	270
00156625	271
00156812	272
00157081	273
00157957	274
00158185	275
00158804	276
00159177	277
00159620	278
00161243	279
00161739	280
00162167	281
00162632	282
00163592	283
00163779	284
00164152	285
00164345	286
00164579	287
00165178	288
00165942	289
00166172	290
00166355	291
00168658	292
00169806	293
00170156	294
00171127	295
00171586	296
00171590	297
00171618	298
00171852	299
00172710	300
00173283	301
00173338	302
00173764	303
00179311	304
00180413	305
00181476	306
00182269	307
00182406	308
00184117	309
00185857	310
00186616	311
00190115	312
00190783	313
00190999	314
00191142	315
00191980	316
00192836	317
00193486	318
00194969	319
00198451	320
00198631	321
00198793	322
00199130	323
00199309	324
00199707	325
00200397	326
00200863	327
00201671	328
00201722	329
00202236	330
00203342	331
00203753	332
00203866	333
00204439	334
00204943	335
00205046	336
00205079	337
00205543	338
00205598	339
00205649	340
00205885	341
00205891	342
00206927	343
00206998	344
00207418	345
00208497	346
00208836	347
00209174	348
00209943	349
00210518	350
00210797	351
00211110	352
00212414	353
00212808	354
00213052	355
00213186	356
00213343	357
00214951	358
00215314	359
00215800	360
00217014	361
00217773	362
00217956	363
00218045	364
00218208	365
00218427	366
00219012	367
00219575	368
00220023	369
00220276	370
00220522	371
00220869	372
00222135	373
00222248	374
00226618	375
00227165	376
00228236	377
00228655	378
00229260	379
00230033	380
00230172	381
00230276	382
00230746	383
00231557	384
00232542	385
00233335	386
00234725	387
00234892	388
00235208	389
00235368	390
00235435	391
00235918	392
00236289	393
00236592	394
00237078	395
00237259	396
00237511	397
00237869	398
00238527	399
00239230	400
00240184	401
00240293	402
00240754	403
00240938	404
00241038	405
00242583	406
00242808	407
00243124	408
00243900	409
00243918	410
00244416	411
00244625	412
00245457	413
00246217	414
00248026	415
00248659	416
00248977	417
00249313	418
00249501	419
00250181	420
00250259	421
00250710	422
00251064	423
00251463	424
00252019	425
00253761	426
00255214	427
00255710	428
00257269	429
00257770	430
00258665	431
00258857	432
00260648	433
00261029	434
00261604	435
00261705	436
00262249	437
00262596	438
00262703	439
00262743	440
00263044	441
00263813	442
00263947	443
00264366	444
00264386	445
00264529	446
00266806	447
00267349	448
00270005	449
00272391	450
00274707	451
00274941	452
00275607	453
00275843	454
00276068	455
00276373	456
00276620	457
00276883	458
00277376	459
00277569	460
00277659	461
00278040	462
00278221	463
00278403	464
00278555	465
00279835	466
00280586	467
00281101	468
00282050	469
00282076	470
00282485	471
00283127	472
00283911	473
00285889	474
00286605	475
00289082	476
00289175	477
00290276	478
00290302	479
00290740	480
00292672	481
00293141	482
00294245	483
00294522	484
00295701	485
00296178	486
00296946	487
00297507	488
00298161	489
00298497	490
00298556	491
00298767	492
00300537	493
00300761	494
00301187	495
00306017	496
00306102	497
00306314	498
00306426	499
00306723	500
00307631	501
00309310	502
00309582	503
00309792	504
00310201	505
00310666	506
00311809	507
00312553	508
00313245	509
00313987	510
00314272	511
00314782	512
00315986	513
00316594	514
00317207	515
00317888	516
00318035	517
00318735	518
00319176	519
00322228	520
00322457	521
00324384	522
00324834	523
00325110	524
00325502	525
00327031	526
00327683	527
00327824	528
00329031	529
00329227	530
00331655	531
00331950	532
00332835	533
00334186	534
00334996	535
00335366	536
00336260	537
00336539	538
00336718	539
00336922	540
00337210	541
00337903	542
00338071	543
00338559	544
00338641	545
00339464	546
00339934	547
00340463	548
00341285	549
00341695	550
00342980	551
00343334	552
00344040	553
00344125	554
00345761	555
00346693	556
00347420	557
00348008	558
00348312	559
00348571	560
00348746	561
00350380	562
00351485	563
00351638	564
00351824	565
00351963	566
00352558	567
00352826	568
00353782	569
00354634	570
00354845	571
00355252	572
00355955	573
00356199	574
00356258	575
00356367	576
00356621	577
00358431	578
00359492	579
00359614	580
00359903	581
00360143	582
00360757	583
00361192	584
00363260	585
00363493	586
00363788	587
00364064	588
00364479	589
00365709	590
00367685	591
00367768	592
00367976	593
00368109	594
00368302	595
00368592	596
00368847	597
00369138	598
00371314	599
00371487	600
00372013	601
00372226	602
00372448	603
00372607	604
00372665	605
00372977	606
00373130	607
00373278	608
00374063	609
00374224	610
00374534	611
00375071	612
00375625	613
00376063	614
00376400	615
00376994	616
00377169	617
00377364	618
00377686	619
00378985	620
00380083	621
00380568	622
00380696	623
00381013	624
00381601	625
00381680	626
00382109	627
00382635	628
00383275	629
00383390	630
00383542	631
00383606	632
00385791	633
00386676	634
00386915	635
00387310	636
00387657	637
00388065	638
00388635	639
00390581	640
00390906	641
00391599	642
00392093	643
00392950	644
00394610	645
00394813	646
00396642	647
00396703	648
00397576	649
00397760	650
00397953	651
00398704	652
00400883	653
00402130	654
00402535	655
00402539	656
00403092	657
00403334	658
00403466	659
00403783	660
00404222	661
00404642	662
00404726	663
00406243	664
00407535	665
00407633	666
00407848	667
00410247	668
00411020	669
00413239	670
00413876	671
00414174	672
00414179	673
00414409	674
00414627	675
00415044	676
00418025	677
00418903	678
00419289	679
00419644	680
00420477	681
00421437	682
00422090	683
00422551	684
00423971	685
00425090	686
00426581	687
00426608	688
00426928	689
00426958	690
00427397	691
00427580	692
00427853	693
00428000	694
00428404	695
00429048	696
00429060	697
00429322	698
00429968	699
00430140	700
00430370	701
00431447	702
00431826	703
00432683	704
00433232	705
00434374	706
00435853	707
00440286	708
00441445	709
00442063	710
00442267	711
00442669	712
00443116	713
00443384	714
00443984	715
00444309	716
00444519	717
00445169	718
00445467	719
00445802	720
00446329	721
00446493	722
00446514	723
00446695	724
00446885	725
00447309	726
00451461	727
00452512	728
00453731	729
00455348	730
00455599	731
00463246	732
00463543	733
00464651	734
00464894	735
00465762	736
00466651	737
00467451	738
00467719	739
00468480	740
00470701	741
00471058	742
00471196	743
00471437	744
00471613	745
00471711	746
00474017	747
00474308	748
00474492	749
00475183	750
00475787	751
00476389	752
00477941	753
00479391	754
00479932	755
00480969	756
00482298	757
00483146	758
00483801	759
00484166	760
00484892	761
00485609	762
00486018	763
00488617	764
00488770	765
00489837	766
00494269	767
00494907	768
00495808	769
00495998	770
00497705	771
00502415	772
00503164	773
00503237	774
00506299	775
00506658	776
00506672	777
00508032	778
00508192	779
00509377	780
00509607	781
00509958	782
00510050	783
00510364	784
00511817	785
00512186	786
00512487	787
00512749	788
00515154	789
00520257	790
00521209	791
00521562	792
00522537	793
00522751	794
00523513	795
00525446	796
00525453	797
00527572	798
00528990	799
00531302	800
00532607	801
00532892	802
00535452	803
00537339	804
00539110	805
00539546	806
00540235	807
00540946	808
00543233	809
00544549	810
00545501	811
00545557	812
00546192	813
00546389	814
00547802	815
00548173	816
00548326	817
00548781	818
00550282	819
00550771	820
00551065	821
00552097	822
00553823	823
00555138	824
00556193	825
00557588	826
00557813	827
00558371	828
00559102	829
00561036	830
00562398	831
00563824	832
00564857	833
00566298	834
00567044	835
00567291	836
00570590	837
00571596	838
00572489	839
00574218	840
00575720	841
00575741	842
00575970	843
00577068	844
00581812	845
00581891	846
00582388	847
00582868	848
00583239	849
00583990	850
00584367	851
00586262	852
00588221	853
00588598	854
00588888	855
00588998	856
00589217	857
00590047	858
00590518	859
00590626	860
00590806	861
00590924	862
00591006	863
00591115	864
00591236	865
00591519	866
00592102	867
00592702	868
00592795	869
00592883	870
00593613	871
00593732	872
00593944	873
00594146	874
00594621	875
00595630	876
00596644	877
00596807	878
00597265	879
00597634	880
00597915	881
00598215	882
00598954	883
00599234	884
00599992	885
00600370	886
00601043	887
00601378	888
00602805	889
00603298	890
00604576	891
00604617	892
00604694	893
00604811	894
00605086	895
00606370	896
00607114	897
00607405	898
00607780	899
00608808	900
00608896	901
00609236	902
00609683	903
00609953	904
00610010	905
00610373	906
00610374	907
00610538	908
00610738	909
00611055	910
00611143	911
00611256	912
00611433	913
00611481	914
00611802	915
00611972	916
00612042	917
00612114	918
00612160	919
00612612	920
00612652	921
00613393	922
00613683	923
00614057	924
00614224	925
00614489	926
00615887	927
00617748	928
00617989	929
00618451	930
00618682	931
00618734	932
00618878	933
00620752	934
00621058	935
00621476	936
00621627	937
00622068	938
00623151	939
00623162	940
00623370	941
00623670	942
00624263	943
00625393	944
00625774	945
00626188	946
00626800	947
00628491	948
00629257	949
00629738	950
00630026	951
00630223	952
00630380	953
00631378	954
00631391	955
00631737	956
00632236	957
00632438	958
00632627	959
00633443	960
00633864	961
00634276	962
00634472	963
00634586	964
00634906	965
00635012	966
00635205	967
00635850	968
00636061	969
00636461	970
00636888	971
00636921	972
00637259	973
00638585	974
00638837	975
00638981	976
00639975	977
00640828	978
00641252	979
00642098	980
00643250	981
00643473	982
00644066	983
00644503	984
00644583	985
00644839	986
00645415	987
00646271	988
00646542	989
00646738	990
00647094	991
00647542	992
00647929	993
00648224	994
00648931	995
00648977	996
00649481	997
00650353	998
00651991	999
00652346	1000
00652466	1001
00654625	1002
00654885	1003
00656576	1004
00657260	1005
00657604	1006
00658082	1007
00658627	1008
00660971	1009
00661824	1010
00662182	1011
00662589	1012
00663353	1013
00664276	1014
00664483	1015
00665358	1016
00665886	1017
00666510	1018
00666886	1019
00668099	1020
00669970	1021
00670261	1022
00670991	1023
00672017	1024
00672277	1025
00672433	1026
00673766	1027
00673983	1028
00674607	1029
00676450	1030
00677021	1031
00677544	1032
00678282	1033
00679389	1034
00680841	1035
00681429	1036
00682230	1037
00683280	1038
00684480	1039
00684838	1040
00685638	1041
00686447	1042
00686890	1043
00688377	1044
00689205	1045
00689344	1046
00689673	1047
00690614	1048
00691516	1049
00692143	1050
00692329	1051
00694990	1052
00695226	1053
00695300	1054
00695475	1055
00696189	1056
00696518	1057
00696700	1058
00697062	1059
00697589	1060
00697923	1061
00698855	1062
00699626	1063
00699815	1064
00700708	1065
00701040	1066
00701877	1067
00702601	1068
00703512	1069
00703875	1070
00704388	1071
00704690	1072
00706243	1073
00706975	1074
00707366	1075
00707624	1076
00707956	1077
00708017	1078
00708128	1079
00708376	1080
00708980	1081
00709379	1082
00709625	1083
00710005	1084
00712135	1085
00712225	1086
00712708	1087
00713167	1088
00713818	1089
00714531	1090
00714884	1091
00714944	1092
00715074	1093
00715239	1094
00715674	1095
00715868	1096
00716531	1097
00716758	1098
00716945	1099
00717045	1100
00717208	1101
00717358	1102
00717748	1103
00719231	1104
00719494	1105
00719734	1106
00720063	1107
00720565	1108
00721098	1109
00721437	1110
00722232	1111
00722675	1112
00723056	1113
00724150	1114
00725772	1115
00726300	1116
00726784	1117
00727573	1118
00727791	1119
00728975	1120
00729108	1121
00729109	1122
00729378	1123
00730052	1124
00730247	1125
00730301	1126
00730538	1127
00731000	1128
00731159	1129
00731222	1130
00731789	1131
00732224	1132
00732552	1133
00732960	1134
00733044	1135
00733632	1136
00734054	1137
00734348	1138
00734587	1139
00735571	1140
00736216	1141
00737884	1142
00737973	1143
00739082	1144
00739340	1145
00739662	1146
00740053	1147
00740577	1148
00741685	1149
00742320	1150
00744443	1151
00745005	1152
00745187	1153
00746479	1154
00747029	1155
00747135	1156
00747418	1157
00748515	1158
00750532	1159
00751145	1160
00751529	1161
00751567	1162
00751779	1163
00751887	1164
00751944	1165
00752144	1166
00752298	1167
00752431	1168
00752764	1169
00752954	1170
00753685	1171
00754280	1172
00754424	1173
00754767	1174
00754956	1175
00755500	1176
00756338	1177
00756780	1178
00757856	1179
00758627	1180
00759269	1181
00760402	1182
00760956	1183
00763399	1184
00763901	1185
00764222	1186
00765649	1187
00765977	1188
00766418	1189
00768062	1190
00769092	1191
00770141	1192
00770270	1193
00770437	1194
00771961	1195
00772189	1196
00772640	1197
00772967	1198
00773402	1199
00773432	1200
00774107	1201
00775156	1202
00775831	1203
00776059	1204
00776523	1205
00776846	1206
00777931	1207
00779061	1208
00779248	1209
00779360	1210
00779374	1211
00779601	1212
00780148	1213
00780575	1214
00780889	1215
00781000	1216
00781303	1217
00781685	1218
00781912	1219
00782057	1220
00782527	1221
00783063	1222
00783523	1223
00784342	1224
00784388	1225
00784533	1226
00784727	1227
00785008	1228
00785470	1229
00785690	1230
00785962	1231
00786195	1232
00786458	1233
00786816	1234
00787218	1235
00787465	1236
00788097	1237
00788184	1238
00788564	1239
00789138	1240
00791078	1241
00791134	1242
00792471	1243
00793785	1244
00794079	1245
00794367	1246
00794981	1247
00795008	1248
00795264	1249
00795632	1250
00795720	1251
00795785	1252
00795863	1253
00796315	1254
00796588	1255
00796976	1256
00797299	1257
00797430	1258
00797697	1259
00797878	1260
00798245	1261
00798539	1262
00798717	1263
00799383	1264
00802318	1265
00803325	1266
00803394	1267
00803617	1268
00803815	1269
00804002	1270
00804695	1271
00805034	1272
00805376	1273
00806502	1274
00806902	1275
00807178	1276
00808182	1277
00808855	1278
00809465	1279
00809654	1280
00810598	1281
00811355	1282
00811375	1283
00812298	1284
00812580	1285
00813044	1286
00813790	1287
00813978	1288
00815320	1289
00815379	1290
00815644	1291
00815686	1292
00816143	1293
00816353	1294
00817311	1295
00817680	1296
00818466	1297
00818553	1298
00818974	1299
00819024	1300
00819508	1301
00820352	1302
00820611	1303
00820801	1304
00820976	1305
00822367	1306
00823436	1307
00823669	1308
00824066	1309
00824292	1310
00824767	1311
00825648	1312
00826509	1313
00827638	1314
00827730	1315
00828082	1316
00828237	1317
00828374	1318
00829107	1319
00829378	1320
00829761	1321
00830761	1322
00831191	1323
00831651	1324
00833199	1325
00833702	1326
00834198	1327
00835267	1328
00835294	1329
00835506	1330
00835903	1331
00836236	1332
00836705	1333
00836788	1334
00838043	1335
00838098	1336
00838524	1337
00838856	1338
00839619	1339
00839778	1340
00841580	1341
00841901	1342
00841986	1343
00842692	1344
00843128	1345
00844254	1346
00844941	1347
00844994	1348
00845523	1349
00846462	1350
00846515	1351
00847340	1352
00849357	1353
00849523	1354
00849982	1355
00850501	1356
00851239	1357
00852506	1358
00854420	1359
00854904	1360
00855512	1361
00855794	1362
00856824	1363
00858568	1364
00858781	1365
00859001	1366
00859153	1367
00859325	1368
00860292	1369
00861560	1370
00862683	1371
00863433	1372
00864159	1373
00868196	1374
00868591	1375
00868910	1376
00869583	1377
00870453	1378
00871942	1379
00872107	1380
00872541	1381
00872886	1382
00873603	1383
00873682	1384
00874067	1385
00874621	1386
00874806	1387
00875246	1388
00875394	1389
00876332	1390
00876442	1391
00876874	1392
00877083	1393
00877127	1394
00877327	1395
00878136	1396
00878636	1397
00879356	1398
00879540	1399
00879607	1400
00879759	1401
00880269	1402
00880662	1403
00881649	1404
00882159	1405
00882802	1406
00882948	1407
00883297	1408
00884011	1409
00884540	1410
00884778	1411
00884946	1412
00885082	1413
00885217	1414
00886281	1415
00886978	1416
00887081	1417
00887463	1418
00888009	1419
00888786	1420
00889229	1421
00892467	1422
00892861	1423
00893167	1424
00893435	1425
00893741	1426
00893955	1427
00894221	1428
00894738	1429
00895304	1430
00896141	1431
00896497	1432
00896555	1433
00896803	1434
00897564	1435
00897746	1436
00898518	1437
00899292	1438
00899927	1439
00900070	1440
00900375	1441
00900616	1442
00900726	1443
00900957	1444
00901799	1445
00902424	1446
00902652	1447
00903385	1448
00903559	1449
00904046	1450
00904690	1451
00905852	1452
00906367	1453
00906735	1454
00907147	1455
00907657	1456
00907930	1457
00908099	1458
00908351	1459
00908492	1460
00908621	1461
00908672	1462
00908909	1463
00909219	1464
00909573	1465
00910203	1466
00910973	1467
00911048	1468
00912473	1469
00912833	1470
00912960	1471
00913065	1472
00913705	1473
00914420	1474
00914632	1475
00915605	1476
00915722	1477
00916123	1478
00916464	1479
00916909	1480
00917211	1481
00917300	1482
00917772	1483
00918471	1484
00918820	1485
00918872	1486
00920336	1487
00920778	1488
00921014	1489
00921072	1490
00921300	1491
00921738	1492
00921790	1493
00922144	1494
00922327	1495
00922438	1496
00923307	1497
00923321	1498
00923444	1499
00923793	1500
00923995	1501
00924431	1502
00924612	1503
00924825	1504
00925207	1505
00925873	1506
00926472	1507
00926668	1508
00926702	1509
00927017	1510
00927049	1511
00927261	1512
00928077	1513
00928630	1514
00928947	1515
00929362	1516
00929718	1517
00929839	1518
00930868	1519
00931040	1520
00931232	1521
00931453	1522
00931467	1523
00931555	1524
00931847	1525
00931852	1526
00932088	1527
00932324	1528
00932624	1529
00932636	1530
00932798	1531
00933000	1532
00933154	1533
00933403	1534
00933420	1535
00933821	1536
00935940	1537
00935987	1538
00936620	1539
00937208	1540
00938247	1541
00938419	1542
00939035	1543
00939277	1544
00939452	1545
00939857	1546
00940384	1547
00940412	1548
00940709	1549
00940842	1550
00941777	1551
00941974	1552
00941990	1553
00943281	1554
00943363	1555
00943563	1556
00943837	1557
00944924	1558
00945205	1559
00945401	1560
00945853	1561
00946105	1562
00946499	1563
00946588	1564
00946755	1565
00947077	1566
00947128	1567
00947439	1568
00948071	1569
00948206	1570
00948853	1571
00949093	1572
00949134	1573
00949288	1574
00949619	1575
00949974	1576
00950431	1577
00950858	1578
00952182	1579
00952524	1580
00952841	1581
00952963	1582
00953058	1583
00953216	1584
00953559	1585
00954038	1586
00954271	1587
00954311	1588
00954422	1589
00954608	1590
00955060	1591
00955148	1592
00955601	1593
00955987	1594
00956131	1595
00956250	1596
00956687	1597
00958334	1598
00958880	1599
00958896	1600
00959376	1601
00959731	1602
00959827	1603
00960851	1604
00960961	1605
00961001	1606
00961329	1607
00961586	1608
00962447	1609
00963570	1610
00964694	1611
00964911	1612
00965035	1613
00965871	1614
00966718	1615
00967098	1616
00967455	1617
00967625	1618
00968211	1619
00969370	1620
00969873	1621
00971015	1622
00971650	1623
00971999	1624
00972621	1625
00973056	1626
00973728	1627
00974367	1628
00974444	1629
00975036	1630
00975902	1631
00976487	1632
00976653	1633
00977336	1634
00978173	1635
00978369	1636
00978549	1637
00979988	1638
00980453	1639
00980779	1640
00983824	1641
00986027	1642
00987071	1643
00988028	1644
00988287	1645
00989084	1646
00989201	1647
00989602	1648
00990008	1649
00990249	1650
00990655	1651
00990812	1652
00991151	1653
00991683	1654
00991838	1655
00991900	1656
00993014	1657
00993892	1658
00994076	1659
00995119	1660
00995838	1661
00996448	1662
00996485	1663
00996969	1664
00999815	1665
01000214	1666
01001294	1667
01001689	1668
01002956	1669
01003249	1670
01003570	1671
01004062	1672
01005579	1673
01006675	1674
01007924	1675
01008378	1676
01008947	1677
01009190	1678
01009240	1679
01009637	1680
01010118	1681
01011031	1682
01011166	1683
01011725	1684
01012073	1685
01012360	1686
01012561	1687
01012712	1688
01013040	1689
01013434	1690
01013770	1691
01014066	1692
01014731	1693
01014821	1694
01014990	1695
01015244	1696
01015310	1697
01015866	1698
01016002	1699
01016316	1700
01016778	1701
01016832	1702
01017320	1703
01017987	1704
01018366	1705
01018630	1706
01018928	1707
01019129	1708
01019372	1709
01019472	1710
01019524	1711
01020005	1712
01020356	1713
01020934	1714
01020936	1715
01021420	1716
01021629	1717
01021973	1718
01022008	1719
01022064	1720
01022178	1721
01023259	1722
01023574	1723
01023636	1724
01023820	1725
01024190	1726
01026095	1727
01027508	1728
01027859	1729
01028655	1730
01028748	1731
01029406	1732
01029852	1733
01030132	1734
01030820	1735
01030832	1736
01031705	1737
01032040	1738
01032368	1739
01033189	1740
01033458	1741
01033527	1742
01034312	1743
01035530	1744
01036333	1745
01036804	1746
01037303	1747
01037650	1748
01038666	1749
01039330	1750
01040646	1751
01040707	1752
01041111	1753
01041954	1754
01042531	1755
01045419	1756
01046480	1757
01046984	1758
01048466	1759
01048718	1760
01048912	1761
01048939	1762
01049266	1763
01049475	1764
01049685	1765
01051082	1766
01051331	1767
01051956	1768
01052853	1769
01053207	1770
01053617	1771
01053920	1772
01054335	1773
01054545	1774
01056411	1775
01056554	1776
01057200	1777
01058574	1778
01059123	1779
01059719	1780
01060234	1781
01061017	1782
01061320	1783
01061481	1784
01062555	1785
01062583	1786
01062817	1787
01063350	1788
01063697	1789
01065630	1790
01066881	1791
01067070	1792
01067816	1793
01068134	1794
01068380	1795
01069190	1796
01069391	1797
01070102	1798
01070187	1799
01070777	1800
01071411	1801
01072262	1802
01072949	1803
01073995	1804
01074694	1805
01075164	1806
01076046	1807
01076359	1808
01076488	1809
01076615	1810
01076793	1811
01077350	1812
01077887	1813
01078783	1814
01079480	1815
01079873	1816
01080064	1817
01080366	1818
01082454	1819
01082606	1820
01083044	1821
01083077	1822
01083504	1823
01083645	1824
01084637	1825
01085098	1826
01085237	1827
01085474	1828
01086081	1829
01086103	1830
01088923	1831
01089878	1832
01090308	1833
01090335	1834
01090446	1835
01091427	1836
01091905	1837
01092366	1838
01094086	1839
01094725	1840
01095218	1841
01096497	1842
01097960	1843
01101329	1844
01101391	1845
01101753	1846
01101913	1847
01101958	1848
01102997	1849
01103000	1850
01103159	1851
01103180	1852
01103614	1853
01104406	1854
01104624	1855
01104637	1856
01105259	1857
01105909	1858
01106808	1859
01107932	1860
01108148	1861
01108753	1862
01109863	1863
01110274	1864
01111375	1865
01112584	1866
01113068	1867
01115349	1868
01115916	1869
01116380	1870
01116585	1871
01117164	1872
01118449	1873
01119169	1874
01120069	1875
01121690	1876
01122149	1877
01122194	1878
01123148	1879
01123415	1880
01123598	1881
01123887	1882
01124794	1883
01126856	1884
01126961	1885
01127019	1886
01127075	1887
01127215	1888
01127379	1889
01127795	1890
01128193	1891
01128390	1892
01129201	1893
01129532	1894
01129876	1895
01129977	1896
01130169	1897
01130455	1898
01130607	1899
01131197	1900
01131473	1901
01133281	1902
01133760	1903
01133876	1904
01134781	1905
01134861	1906
01135952	1907
01136519	1908
01137138	1909
01138523	1910
01138670	1911
01138911	1912
01139104	1913
01139194	1914
01139623	1915
01139865	1916
01140471	1917
01140839	1918
01142519	1919
01143040	1920
01144133	1921
01144355	1922
01144876	1923
01145359	1924
01146039	1925
01146576	1926
01146918	1927
01147060	1928
01147451	1929
01148614	1930
01149138	1931
01149470	1932
01149480	1933
01150370	1934
01150559	1935
01150981	1936
01151110	1937
01152396	1938
01155687	1939
01156112	1940
01156115	1941
01156834	1942
01157517	1943
01158572	1944
01158872	1945
01159655	1946
01160031	1947
01160342	1948
01160729	1949
01161635	1950
01162754	1951
01163620	1952
01163847	1953
01164273	1954
01165043	1955
01165692	1956
01166093	1957
01168468	1958
01168569	1959
01169317	1960
01169704	1961
01169744	1962
01170052	1963
01170962	1964
01171183	1965
01171644	1966
01172275	1967
01172889	1968
01173038	1969
01173813	1970
01175224	1971
01176219	1972
01176897	1973
01177118	1974
01177314	1975
01177505	1976
01178565	1977
01180695	1978
01181475	1979
01181902	1980
01182654	1981
01182709	1982
01184625	1983
01184814	1984
01186428	1985
01186810	1986
01187810	1987
01189001	1988
01189282	1989
01190277	1990
01190884	1991
01190948	1992
01191158	1993
01191755	1994
01191975	1995
01193886	1996
01194331	1997
01194483	1998
01194904	1999
01194938	2000
01195299	2001
01195867	2002
01197258	2003
01197980	2004
01198307	2005
01198750	2006
01199035	2007
01200440	2008
01201021	2009
01201089	2010
01201429	2011
01201773	2012
01201856	2013
01202184	2014
01202374	2015
01202415	2016
01202728	2017
01202904	2018
01205696	2019
01206153	2020
01206218	2021
01206553	2022
01206849	2023
01207609	2024
01207951	2025
01208291	2026
01209678	2027
01209953	2028
01210152	2029
01210352	2030
01210737	2031
01211098	2032
01211699	2033
01212519	2034
01212572	2035
01213886	2036
01214171	2037
01214265	2038
01214786	2039
01215168	2040
01215392	2041
01215902	2042
01216191	2043
01217043	2044
01218327	2045
01220984	2046
01221611	2047
01221790	2048
01222360	2049
01222477	2050
01224001	2051
01224031	2052
01225461	2053
01225562	2054
01225783	2055
01225970	2056
01226215	2057
01226240	2058
01226941	2059
01227190	2060
01227235	2061
01227675	2062
01229071	2063
01229938	2064
01230710	2065
01230965	2066
01231252	2067
01232412	2068
01233027	2069
01233194	2070
01233397	2071
01233993	2072
01236164	2073
01236795	2074
01237167	2075
01237415	2076
01238424	2077
01238640	2078
01239064	2079
01239359	2080
01239494	2081
01239619	2082
01240210	2083
01240308	2084
01240432	2085
01241073	2086
01241331	2087
01241767	2088
01243474	2089
01243661	2090
01244410	2091
01247647	2092
01247804	2093
01249060	2094
01250335	2095
01250908	2096
01251928	2097
01252280	2098
01252425	2099
01252601	2100
01253060	2101
01253277	2102
01253808	2103
01254013	2104
01254051	2105
01254324	2106
01255967	2107
01256417	2108
01256600	2109
01256743	2110
01258302	2111
01258617	2112
01259005	2113
01259458	2114
01260291	2115
01261490	2116
01261974	2117
01262113	2118
01264050	2119
01264283	2120
01264336	2121
01266491	2122
01272397	2123
01275562	2124
01275762	2125
01276361	2126
01276970	2127
01277784	2128
01278427	2129
01279305	2130
01279631	2131
01279978	2132
01280014	2133
01280645	2134
01281611	2135
01282014	2136
01283746	2137
01285440	2138
01286913	2139
01288052	2140
01290255	2141
01290422	2142
01291069	2143
01292885	2144
01293389	2145
01295275	2146
01296462	2147
01296474	2148
01298283	2149
01298668	2150
01298931	2151
01299758	2152
01301051	2153
01301410	2154
01302019	2155
01306654	2156
01308160	2157
01309143	2158
01309478	2159
01309701	2160
01310660	2161
01311103	2162
01312371	2163
01312810	2164
01313411	2165
01313923	2166
01315613	2167
01316401	2168
01316619	2169
01317541	2170
01318053	2171
01319874	2172
01320009	2173
01321002	2174
01321456	2175
01322509	2176
01322675	2177
01323449	2178
01323958	2179
01325536	2180
01325774	2181
01326291	2182
01327301	2183
01328702	2184
01328705	2185
01329186	2186
01329239	2187
01332205	2188
01332730	2189
01333082	2190
01333301	2191
01335804	2192
01336635	2193
01340439	2194
01342529	2195
01343892	2196
01343918	2197
01345109	2198
01346003	2199
01346804	2200
01346978	2201
01347298	2202
01347678	2203
01350283	2204
01350449	2205
01350994	2206
01351170	2207
01352996	2208
01354673	2209
01356038	2210
01356370	2211
01356750	2212
01358023	2213
01362736	2214
01363482	2215
01363648	2216
01369346	2217
01369663	2218
01369758	2219
01372049	2220
01374020	2221
01374582	2222
01374767	2223
01375637	2224
01376082	2225
01376245	2226
01377032	2227
01378123	2228
01378556	2229
01380122	2230
01380638	2231
01383638	2232
01384164	2233
01384439	2234
01385170	2235
01385458	2236
01389942	2237
01392080	2238
01394464	2239
01395617	2240
01398919	2241
01400044	2242
01405044	2243
01407904	2244
01410223	2245
01410363	2246
01410905	2247
01412346	2248
01412548	2249
01412759	2250
01412912	2251
01414088	2252
01414288	2253
01414626	2254
01415807	2255
01417451	2256
01418667	2257
01423285	2258
01425892	2259
01426077	2260
01426153	2261
01426397	2262
01428381	2263
01428580	2264
01428853	2265
01432353	2266
01432474	2267
01432517	2268
01433294	2269
01434278	2270
01434822	2271
01435380	2272
01437254	2273
01438304	2274
01438681	2275
01439190	2276
01439745	2277
01440378	2278
01447257	2279
01447632	2280
01448100	2281
01449053	2282
01449974	2283
01452593	2284
01454810	2285
01455184	2286
01455866	2287
01456771	2288
01457954	2289
01458228	2290
01458464	2291
01458664	2292
01458973	2293
01459422	2294
01459896	2295
01460029	2296
01460421	2297
01461152	2298
01461328	2299
01462005	2300
01462468	2301
01463963	2302
01466257	2303
01466543	2304
01466978	2305
01467370	2306
01468058	2307
01468327	2308
01468576	2309
01469263	2310
01471682	2311
01474209	2312
01474513	2313
01476483	2314
01478002	2315
01482449	2316
01484392	2317
01484714	2318
01484982	2319
01485158	2320
01486312	2321
01487008	2322
01488245	2323
01489465	2324
01490336	2325
01492052	2326
01494310	2327
01496978	2328
01497736	2329
01498769	2330
01498872	2331
01500873	2332
01501184	2333
01501347	2334
01503061	2335
01503404	2336
01504437	2337
01505254	2338
01505991	2339
01506157	2340
01506583	2341
01507134	2342
01508368	2343
01509584	2344
01511380	2345
01511706	2346
01512259	2347
01516290	2348
01516534	2349
01525666	2350
01526290	2351
01531375	2352
01531998	2353
01532589	2354
01534147	2355
01534609	2356
01535246	2357
01538161	2358
01538310	2359
01538469	2360
01538629	2361
01538928	2362
01539063	2363
01539633	2364
01540449	2365
01543998	2366
01544692	2367
01548193	2368
01548290	2369
01548576	2370
01548694	2371
01548718	2372
01549187	2373
01549420	2374
01549719	2375
01549905	2376
01551195	2377
01552219	2378
01552519	2379
01554799	2380
01555742	2381
01556178	2382
01556921	2383
01557614	2384
01557774	2385
01558440	2386
01558883	2387
01559055	2388
01560731	2389
01560984	2390
01563005	2391
01563336	2392
01563724	2393
01564144	2394
01566185	2395
01566490	2396
01567133	2397
01569566	2398
01570403	2399
01572510	2400
01575675	2401
01577093	2402
01578254	2403
01579153	2404
01580050	2405
01580467	2406
01582645	2407
01583494	2408
01583656	2409
01587062	2410
01588134	2411
01588172	2412
01588493	2413
01588589	2414
01588858	2415
01590007	2416
01590171	2417
01590747	2418
01591621	2419
01591835	2420
01593254	2421
01593614	2422
01600191	2423
01606574	2424
01609287	2425
01610463	2426
01611516	2427
01612053	2428
01613239	2429
01617192	2430
01619354	2431
01619725	2432
01619929	2433
01620854	2434
01621555	2435
01622795	2436
01623967	2437
01624169	2438
01626138	2439
01626420	2440
01627355	2441
01627947	2442
01627965	2443
01628197	2444
01628302	2445
01628449	2446
01629000	2447
01629276	2448
01629589	2449
01629958	2450
01631534	2451
01631830	2452
01632411	2453
01633173	2454
01633343	2455
01633825	2456
01634142	2457
01634424	2458
01635056	2459
01635176	2460
01635432	2461
01636008	2462
01636221	2463
01636397	2464
01636993	2465
01637166	2466
01637368	2467
01637982	2468
01638368	2469
01639714	2470
01640207	2471
01640550	2472
01640855	2473
01641914	2474
01642437	2475
01642924	2476
01643464	2477
01643657	2478
01644050	2479
01644522	2480
01644746	2481
01645421	2482
01645601	2483
01646300	2484
01646866	2485
01647229	2486
01649999	2487
01650425	2488
01651293	2489
01651444	2490
01653013	2491
01653442	2492
01653873	2493
01654271	2494
01654628	2495
01656458	2496
01656788	2497
01657828	2498
01658188	2499
01658762	2500
01659248	2501
01660994	2502
01661243	2503
01661804	2504
01662118	2505
01664172	2506
01666131	2507
01666327	2508
01666717	2509
01667132	2510
01668603	2511
01675963	2512
01678519	2513
01678685	2514
01679980	2515
01680132	2516
01684663	2517
01684899	2518
01685313	2519
01685601	2520
01686132	2521
01686439	2522
01686956	2523
01687569	2524
01688256	2525
01688771	2526
01689379	2527
01690294	2528
01691057	2529
01693727	2530
01695567	2531
01696648	2532
01697816	2533
01698271	2534
01699539	2535
01699700	2536
01700934	2537
01701311	2538
01704236	2539
01704452	2540
01704953	2541
01705257	2542
01705494	2543
01706129	2544
01711445	2545
01711749	2546
01712704	2547
01714208	2548
01716619	2549
01716882	2550
01718867	2551
01718952	2552
01719302	2553
01719921	2554
01720660	2555
01721169	2556
01721556	2557
01721754	2558
01722077	2559
01724459	2560
01725051	2561
01726172	2562
01727490	2563
01729431	2564
01731031	2565
01732172	2566
01732921	2567
01733213	2568
01734300	2569
01734502	2570
01736822	2571
01738774	2572
01739814	2573
01740608	2574
01741446	2575
01742726	2576
01742886	2577
01744111	2578
01744611	2579
01744888	2580
01745536	2581
01745722	2582
01746605	2583
01747717	2584
01747945	2585
01752167	2586
01752495	2587
01753596	2588
01753788	2589
01754576	2590
01755504	2591
01755627	2592
01756719	2593
01758308	2594
01759182	2595
01759326	2596
01760944	2597
01761120	2598
01761706	2599
01762528	2600
01762839	2601
01764171	2602
01766748	2603
01767163	2604
01767661	2605
01767949	2606
01769843	2607
01769902	2608
01770501	2609
01770802	2610
01771390	2611
01771535	2612
01772960	2613
01774136	2614
01778017	2615
01778212	2616
01778568	2617
01778990	2618
01779165	2619
01780202	2620
01781180	2621
01781478	2622
01782432	2623
01783022	2624
01783158	2625
01787955	2626
01788733	2627
01789270	2628
01789514	2629
01790020	2630
01791535	2631
01792567	2632
01793177	2633
01794668	2634
01796346	2635
01800349	2636
01801600	2637
01802494	2638
01802689	2639
01803003	2640
01803380	2641
01803936	2642
01804961	2643
01806505	2644
01807770	2645
01807882	2646
01808626	2647
01808769	2648
01809064	2649
01810447	2650
01812324	2651
01812720	2652
01815628	2653
01817314	2654
01817500	2655
01817938	2656
01818235	2657
01818835	2658
01819554	2659
01821266	2660
01821423	2661
01824244	2662
01825671	2663
01827858	2664
01830946	2665
01831531	2666
01834304	2667
01834918	2668
01835276	2669
01835496	2670
01837744	2671
01841079	2672
01843055	2673
01843364	2674
01843689	2675
01843904	2676
01844048	2677
01845229	2678
01845720	2679
01846320	2680
01846916	2681
01848355	2682
01848465	2683
01848718	2684
01850315	2685
01853696	2686
01854132	2687
01855606	2688
01857392	2689
01859221	2690
01859586	2691
01860795	2692
01861403	2693
01862386	2694
01864634	2695
01865197	2696
01867295	2697
01867502	2698
01870275	2699
01870867	2700
01870889	2701
01871979	2702
01872645	2703
01872877	2704
01875295	2705
01876907	2706
01877204	2707
01877620	2708
01878466	2709
01878719	2710
01881696	2711
01883344	2712
01883716	2713
01884577	2714
01884974	2715
01886756	2716
01887076	2717
01887474	2718
01888295	2719
01896031	2720
01896478	2721
01899891	2722
01901289	2723
01902783	2724
01903756	2725
01904930	2726
01905121	2727
01907258	2728
01909397	2729
01909812	2730
01909978	2731
01912159	2732
01913237	2733
01913532	2734
01919931	2735
01921204	2736
01921772	2737
01921964	2738
01923414	2739
01923909	2740
01928608	2741
01929254	2742
01930117	2743
01930512	2744
01930874	2745
01931768	2746
01932973	2747
01933900	2748
01934205	2749
01934554	2750
01935233	2751
01935476	2752
01951480	2753
01952898	2754
01953810	2755
01954341	2756
01959294	2757
01963942	2758
01964367	2759
01967104	2760
01967792	2761
01968569	2762
01969216	2763
01970348	2764
01970646	2765
01970826	2766
01973125	2767
01973759	2768
01974062	2769
01974773	2770
01976089	2771
01976146	2772
01976220	2773
01978576	2774
01979241	2775
01979462	2776
01979901	2777
01981036	2778
01981699	2779
01986185	2780
01986367	2781
01986538	2782
01986806	2783
01986869	2784
01987160	2785
01987228	2786
01987353	2787
01987545	2788
01987727	2789
01987938	2790
01988080	2791
01989053	2792
01989562	2793
01989669	2794
01989873	2795
01990281	2796
01990694	2797
01992503	2798
01993549	2799
01993926	2800
01994442	2801
01995211	2802
01995549	2803
01996377	2804
01996585	2805
01998793	2806
01999423	2807
01999798	2808
02002720	2809
02003725	2810
02005948	2811
02008066	2812
02008396	2813
02009433	2814
02011810	2815
02012344	2816
02014165	2817
02014553	2818
02015598	2819
02016523	2820
02019021	2821
02020590	2822
02021532	2823
02023107	2824
02023600	2825
02025009	2826
02027411	2827
02028994	2828
02029663	2829
02030158	2830
02030424	2831
02031158	2832
02032634	2833
02033295	2834
02034300	2835
02034828	2836
02034986	2837
02035919	2838
02036339	2839
02036578	2840
02037090	2841
02037708	2842
02037989	2843
02038357	2844
02038791	2845
02040049	2846
02040054	2847
02043190	2848
02043501	2849
02043665	2850
02045043	2851
02049696	2852
02050132	2853
02051031	2854
02051694	2855
02052476	2856
02056466	2857
02056880	2858
02056971	2859
02058191	2860
02060141	2861
02061846	2862
02062212	2863
02063771	2864
02064745	2865
02064887	2866
02065085	2867
02066510	2868
02066939	2869
02067689	2870
02068413	2871
02069248	2872
02070466	2873
02070874	2874
02071142	2875
02071627	2876
02072849	2877
02073714	2878
02074377	2879
02074677	2880
02075049	2881
02075462	2882
02076027	2883
02076999	2884
02077148	2885
02077656	2886
02079933	2887
02081178	2888
02082527	2889
02082690	2890
02084104	2891
02084252	2892
02089984	2893
02094569	2894
02099019	2895
02102002	2896
02102484	2897
02103481	2898
02106006	2899
02106506	2900
02107248	2901
02108377	2902
02108791	2903
02109818	2904
02110220	2905
02115430	2906
02115778	2907
02116118	2908
02116980	2909
02117649	2910
02118933	2911
02119874	2912
02123812	2913
02123903	2914
02125223	2915
02127613	2916
02128066	2917
02128286	2918
02128653	2919
02128873	2920
02129289	2921
02130160	2922
02130300	2923
02131072	2924
02131279	2925
02133435	2926
02135048	2927
02137132	2928
02137907	2929
02138659	2930
02140033	2931
02140781	2932
02141973	2933
02144835	2934
02145543	2935
02146790	2936
02147109	2937
02147603	2938
02148369	2939
02148788	2940
02149302	2941
02150510	2942
02150948	2943
02151625	2944
02151700	2945
02152812	2946
02153023	2947
02153387	2948
02153445	2949
02153709	2950
02154312	2951
02154416	2952
02154508	2953
02156063	2954
02156532	2955
02156546	2956
02157100	2957
02157557	2958
02158587	2959
02158896	2960
02159427	2961
02161432	2962
02161922	2963
02163746	2964
02164402	2965
02165543	2966
02166460	2967
02169352	2968
02169702	2969
02169891	2970
02170427	2971
02171039	2972
02172888	2973
02176268	2974
02177976	2975
02178866	2976
02179279	2977
02179518	2978
02180529	2979
02180797	2980
02185373	2981
02185988	2982
02186868	2983
02187922	2984
02189714	2985
02193194	2986
02199590	2987
02200686	2988
02201644	2989
02202384	2990
02202928	2991
02203362	2992
02204692	2993
02205272	2994
02207206	2995
02208537	2996
02208903	2997
02209499	2998
02210855	2999
02212646	3000
02212825	3001
02213074	3002
02213690	3003
02214485	3004
02215001	3005
02215355	3006
02217695	3007
02218759	3008
02219094	3009
02219940	3010
02220461	3011
02221959	3012
02225492	3013
02225510	3014
02227741	3015
02228031	3016
02228698	3017
02229055	3018
02229550	3019
02229828	3020
02230056	3021
02230772	3022
02231661	3023
02232190	3024
02234087	3025
02234781	3026
02235229	3027
02235842	3028
02237024	3029
02237338	3030
02238085	3031
02240881	3032
02241107	3033
02242464	3034
02244956	3035
02245765	3036
02245993	3037
02247977	3038
02248465	3039
02251743	3040
02253154	3041
02255462	3042
02256109	3043
02257370	3044
02260362	3045
02261386	3046
02261888	3047
02262139	3048
02262542	3049
02265231	3050
02265979	3051
02267060	3052
02267989	3053
02270342	3054
02274253	3055
02278830	3056
02278939	3057
02281093	3058
02282365	3059
02282506	3060
02283324	3061
02283716	3062
02284951	3063
02285392	3064
02285629	3065
02286027	3066
02286204	3067
02286687	3068
02289295	3069
02290029	3070
02290461	3071
02290998	3072
02291548	3073
02291843	3074
02293321	3075
02294179	3076
02294436	3077
02295208	3078
02296153	3079
02296726	3080
02296984	3081
02297142	3082
02297742	3083
02297948	3084
02299269	3085
02301502	3086
02303331	3087
02303761	3088
02304648	3089
02304982	3090
02305856	3091
02308741	3092
02309008	3093
02309341	3094
02310007	3095
02310482	3096
02311387	3097
02314275	3098
02314658	3099
02318464	3100
02319050	3101
02320374	3102
02321009	3103
02321391	3104
02321757	3105
02323059	3106
02323286	3107
02325968	3108
02327200	3109
02329578	3110
02329733	3111
02330742	3112
02333689	3113
02334302	3114
02334595	3115
02335828	3116
02336483	3117
02337066	3118
02337364	3119
02338386	3120
02338975	3121
02339413	3122
02340360	3123
02340543	3124
02342132	3125
02343595	3126
02343816	3127
02345647	3128
02347637	3129
02348324	3130
02348568	3131
02348927	3132
02349212	3133
02354537	3134
02356420	3135
02357072	3136
02357228	3137
02357693	3138
02364448	3139
02367363	3140
02371718	3141
02372326	3142
02372605	3143
02373015	3144
02375131	3145
02376089	3146
02376277	3147
02376429	3148
02376958	3149
02377938	3150
02378183	3151
02378623	3152
02379198	3153
02382087	3154
02383440	3155
02383831	3156
02384275	3157
02385634	3158
02386012	3159
02386388	3160
02387034	3161
02387486	3162
02388143	3163
02388950	3164
02389346	3165
02389592	3166
02390470	3167
02391803	3168
02392600	3169
02394445	3170
02394662	3171
02395395	3172
02396205	3173
02396716	3174
02397637	3175
02399331	3176
02400037	3177
02400378	3178
02402825	3179
02403920	3180
02404224	3181
02405390	3182
02406916	3183
02407338	3184
02407987	3185
02408965	3186
02409148	3187
02409412	3188
02409941	3189
02410393	3190
02410855	3191
02412175	3192
02412939	3193
02413140	3194
02413480	3195
02414710	3196
02415831	3197
02418421	3198
02418872	3199
02419073	3200
02419773	3201
02420232	3202
02422026	3203
02422663	3204
02424254	3205
02424652	3206
02425462	3207
02425913	3208
02426171	3209
02426395	3210
02427103	3211
02427916	3212
02428487	3213
02428924	3214
02431320	3215
02431971	3216
02432530	3217
02434238	3218
02434976	3219
02435867	3220
02436349	3221
02438535	3222
02439732	3223
02440020	3224
02440244	3225
02440523	3226
02441022	3227
02442205	3228
02443049	3229
02443609	3230
02444159	3231
02444662	3232
02447793	3233
02448185	3234
02449847	3235
02450256	3236
02450505	3237
02451113	3238
02451370	3239
02451575	3240
02451912	3241
02452885	3242
02453692	3243
02453889	3244
02454312	3245
02454649	3246
02455407	3247
02456031	3248
02458103	3249
02458747	3250
02459173	3251
02459633	3252
02460199	3253
02460483	3254
02460502	3255
02460619	3256
02461723	3257
02463403	3258
02464132	3259
02464693	3260
02465414	3261
02465939	3262
02466111	3263
02466670	3264
02467662	3265
02468261	3266
02468617	3267
02468793	3268
02468864	3269
02469274	3270
02469443	3271
02469835	3272
02469914	3273
02471327	3274
02471690	3275
02471762	3276
02472033	3277
02472223	3278
02472293	3279
02475261	3280
02475922	3281
02476219	3282
02476870	3283
02478701	3284
02478936	3285
02479154	3286
02479323	3287
02479990	3288
02480923	3289
02482425	3290
02484570	3291
02486932	3292
02487573	3293
02487718	3294
02490877	3295
02492198	3296
02492362	3297
02493030	3298
02495038	3299
02495922	3300
02496816	3301
02498320	3302
02499629	3303
02500619	3304
02500884	3305
02500902	3306
02501278	3307
02501738	3308
02502916	3309
02504131	3310
02504562	3311
02505358	3312
02505716	3313
02506546	3314
02507736	3315
02509287	3316
02509919	3317
02510337	3318
02510446	3319
02511551	3320
02511633	3321
02512305	3322
02513269	3323
02513460	3324
02514187	3325
02514825	3326
02515080	3327
02515341	3328
02517169	3329
02517442	3330
02518161	3331
02518813	3332
02518990	3333
02519148	3334
02522319	3335
02522864	3336
02523521	3337
02523784	3338
02523953	3339
02524171	3340
02525447	3341
02526085	3342
02527085	3343
02527431	3344
02528163	3345
02528380	3346
02529772	3347
02530167	3348
02531199	3349
02531625	3350
02533313	3351
02535716	3352
02536329	3353
02536557	3354
02537092	3355
02537812	3356
02537960	3357
02539334	3358
02539788	3359
02540347	3360
02540670	3361
02541251	3362
02541302	3363
02545272	3364
02545578	3365
02547586	3366
02549581	3367
02549847	3368
02550296	3369
02550516	3370
02550868	3371
02551144	3372
02551832	3373
02553697	3374
02554647	3375
02554922	3376
02555434	3377
02556126	3378
02556817	3379
02557199	3380
02558172	3381
02558951	3382
02559180	3383
02559199	3384
02559752	3385
02560548	3386
02560767	3387
02561332	3388
02566528	3389
02567147	3390
02567519	3391
02568672	3392
02568884	3393
02569630	3394
02569790	3395
02570062	3396
02571511	3397
02572119	3398
02573127	3399
02573275	3400
02574205	3401
02574516	3402
02575082	3403
02575723	3404
02576349	3405
02576921	3406
02577061	3407
02577586	3408
02577755	3409
02577877	3410
02578008	3411
02578235	3412
02578510	3413
02581073	3414
02581477	3415
02581900	3416
02582042	3417
02582450	3418
02584097	3419
02584643	3420
02584915	3421
02584981	3422
02585050	3423
02585489	3424
02586121	3425
02586458	3426
02586619	3427
02589013	3428
02589576	3429
02590340	3430
02593001	3431
02595662	3432
02598143	3433
02598211	3434
02600490	3435
02600948	3436
02603699	3437
02603926	3438
02604760	3439
02607455	3440
02607909	3441
02608347	3442
02608823	3443
02609203	3444
02609764	3445
02610628	3446
02610845	3447
02611002	3448
02611630	3449
02612762	3450
02613275	3451
02613487	3452
02614181	3453
02616713	3454
02618149	3455
02619424	3456
02620587	3457
02620724	3458
02621853	3459
02622234	3460
02623529	3461
02624263	3462
02625016	3463
02626604	3464
02627555	3465
02627934	3466
02628337	3467
02629256	3468
02629390	3469
02629793	3470
02630189	3471
02632940	3472
02634265	3473
02634808	3474
02635659	3475
02635794	3476
02636516	3477
02637202	3478
02640440	3479
02641035	3480
02641463	3481
02641957	3482
02642634	3483
02643446	3484
02644050	3485
02645007	3486
02646072	3487
02646931	3488
02648253	3489
02648639	3490
02649830	3491
02650552	3492
02650840	3493
02651014	3494
02653706	3495
02654416	3496
02655135	3497
02656390	3498
02656763	3499
02658283	3500
02659763	3501
02660147	3502
02660819	3503
02661252	3504
02662297	3505
02663340	3506
02663643	3507
02665803	3508
02666239	3509
02668523	3510
02669081	3511
02669789	3512
02670398	3513
02670890	3514
02671062	3515
02671421	3516
02673965	3517
02675701	3518
02676054	3519
02676789	3520
02677097	3521
02677567	3522
02678384	3523
02678438	3524
02678663	3525
02678839	3526
02679012	3527
02679142	3528
02679415	3529
02679530	3530
02679899	3531
02680814	3532
02681084	3533
02681518	3534
02681795	3535
02682424	3536
02684924	3537
02685299	3538
02685365	3539
02685665	3540
02685951	3541
02686625	3542
02687172	3543
02687385	3544
02687916	3545
02687992	3546
02689299	3547
02690093	3548
02690384	3549
02690708	3550
02690941	3551
02691156	3552
02694287	3553
02694426	3554
02694933	3555
02695895	3556
02697725	3557
02697950	3558
02698443	3559
02698944	3560
02699141	3561
02700064	3562
02700455	3563
02700867	3564
02701210	3565
02701962	3566
02702508	3567
02702674	3568
02703539	3569
02703952	3570
02704349	3571
02706046	3572
02706691	3573
02707429	3574
02708711	3575
02710402	3576
02710673	3577
02711114	3578
02711987	3579
02712243	3580
02713097	3581
02713218	3582
02713594	3583
02713852	3584
02715229	3585
02715513	3586
02716165	3587
02717102	3588
02719399	3589
02722782	3590
02723733	3591
02724417	3592
02725714	3593
02726017	3594
02727039	3595
02727462	3596
02727883	3597
02728142	3598
02728440	3599
02728763	3600
02728784	3601
02729023	3602
02730135	3603
02730265	3604
02730471	3605
02730568	3606
02732798	3607
02733122	3608
02733524	3609
02734217	3610
02735418	3611
02735688	3612
02735897	3613
02736778	3614
02740204	3615
02741149	3616
02741357	3617
02742322	3618
02742468	3619
02742638	3620
02742842	3621
02743261	3622
02743547	3623
02743727	3624
02744651	3625
02744977	3626
02747667	3627
02747709	3628
02748927	3629
02749247	3630
02749778	3631
02752695	3632
02752931	3633
02755352	3634
02756098	3635
02760116	3636
02760658	3637
02760855	3638
02761392	3639
02761834	3640
02765464	3641
02766328	3642
02767116	3643
02767433	3644
02769460	3645
02773037	3646
02776205	3647
02782815	3648
02788689	3649
02789271	3650
02796412	3651
02796623	3652
02798574	3653
02801349	3654
02806261	3655
02806907	3656
02807731	3657
02808440	3658
02809692	3659
02818832	3660
02821627	3661
02838592	3662
02840619	3663
02842445	3664
02850732	3665
02851001	3666
02851099	3667
02853016	3668
02853218	3669
02858231	3670
02861617	3671
02863750	3672
02870092	3673
02873839	3674
02874282	3675
02875013	3676
02877704	3677
02881193	3678
02883344	3679
02887741	3680
02887970	3681
02889425	3682
02891188	3683
02897524	3684
02898711	3685
02902250	3686
02903204	3687
02907473	3688
02910789	3689
02911485	3690
02912065	3691
02913152	3692
02914991	3693
02918595	3694
02919275	3695
02919414	3696
02924713	3697
02928413	3698
02933462	3699
02934888	3700
02935017	3701
02937108	3702
02938886	3703
02942769	3704
02945820	3705
02945971	3706
02950154	3707
02955247	3708
02958343	3709
02962200	3710
02963821	3711
02964634	3712
02965783	3713
02970685	3714
02972533	3715
02974219	3716
02979722	3717
02981759	3718
02982790	3719
02983097	3720
02984104	3721
02985137	3722
02991122	3723
02991302	3724
02992070	3725
02994448	3726
02995345	3727
02996605	3728
02996904	3729
03002351	3730
03004358	3731
03005423	3732
03005920	3733
03008275	3734
03010473	3735
03011521	3736
03017070	3737
03017922	3738
03018498	3739
03018802	3740
03020034	3741
03033986	3742
03038281	3743
03040587	3744
03045074	3745
03049457	3746
03051540	3747
03055809	3748
03058107	3749
03061081	3750
03062280	3751
03065685	3752
03076708	3753
03079741	3754
03081021	3755
03082979	3756
03084204	3757
03084420	3758
03087366	3759
03088707	3760
03091374	3761
03093792	3762
03094503	3763
03098803	3764
03099945	3765
03100897	3766
03103128	3767
03103198	3768
03104594	3769
03109693	3770
03109881	3771
03116767	3772
03117199	3773
03120029	3774
03122748	3775
03125057	3776
03126385	3777
03129123	3778
03137228	3779
03138344	3780
03146846	3781
03150795	3782
03154073	3783
03163798	3784
03167666	3785
03169390	3786
03173524	3787
03175081	3788
03177349	3789
03178782	3790
03180504	3791
03180969	3792
03181293	3793
03182232	3794
03183080	3795
03194812	3796
03194992	3797
03197446	3798
03200701	3799
03201208	3800
03206718	3801
03209141	3802
03209910	3803
03210940	3804
03211117	3805
03213014	3806
03213826	3807
03221720	3808
03222959	3809
03224032	3810
03225238	3811
03233905	3812
03234306	3813
03238131	3814
03242713	3815
03243625	3816
03244388	3817
03246052	3818
03247620	3819
03249342	3820
03259505	3821
03264136	3822
03265479	3823
03265874	3824
03269401	3825
03270165	3826
03274796	3827
03277771	3828
03278248	3829
03281145	3830
03282060	3831
03285912	3832
03288225	3833
03290771	3834
03294048	3835
03294833	3836
03295140	3837
03297735	3838
03302121	3839
03303965	3840
03304730	3841
03307274	3842
03308152	3843
03315023	3844
03316406	3845
03318438	3846
03319745	3847
03320046	3848
03322099	3849
03322940	3850
03323703	3851
03327234	3852
03327841	3853
03330947	3854
03335030	3855
03339643	3856
03354613	3857
03363216	3858
03365592	3859
03365991	3860
03366721	3861
03377582	3862
03385117	3863
03385557	3864
03387016	3865
03391770	3866
03401500	3867
03401721	3868
03405265	3869
03405725	3870
03412220	3871
03416329	3872
03419014	3873
03424630	3874
03424862	3875
03430959	3876
03431243	3877
03432129	3878
03459775	3879
03471030	3880
03473465	3881
03485997	3882
03488188	3883
03493333	3884
03496892	3885
03499142	3886
03501614	3887
03503997	3888
03509025	3889
03521076	3890
03525074	3891
03525252	3892
03526198	3893
03530910	3894
03533486	3895
03536348	3896
03537412	3897
03540595	3898
03541091	3899
03544360	3900
03546340	3901
03547054	3902
03560567	3903
03562126	3904
03563967	3905
03570709	3906
03574555	3907
03574816	3908
03575240	3909
03579355	3910
03579538	3911
03579982	3912
03588414	3913
03597469	3914
03599351	3915
03600977	3916
03605915	3917
03613592	3918
03614007	3919
03619396	3920
03619890	3921
03621049	3922
03650173	3923
03659292	3924
03659809	3925
03664514	3926
03664675	3927
03669886	3928
03671473	3929
03673971	3930
03674440	3931
03679712	3932
03682487	3933
03683708	3934
03686658	3935
03691128	3936
03695122	3937
03696065	3938
03699975	3939
03701640	3940
03706653	3941
03714721	3942
03722007	3943
03728811	3944
03733925	3945
03735637	3946
03736970	3947
03738241	3948
03738472	3949
03739518	3950
03740161	3951
03744276	3952
03744840	3953
03745285	3954
03746574	3955
03748886	3956
03753077	3957
03764276	3958
03768346	3959
03773035	3960
03775199	3961
03778600	3962
03782190	3963
03789946	3964
03791235	3965
03793186	3966
03800933	3967
03836062	3968
03838160	3969
03839993	3970
03840327	3971
03841143	3972
03848729	3973
03857828	3974
03859958	3975
03871083	3976
03875218	3977
03876519	3978
03878963	3979
03882058	3980
03882611	3981
03892891	3982
03894379	3983
03899328	3984
03903424	3985
03906997	3986
03916720	3987
03918737	3988
03921209	3989
03925226	3990
03931044	3991
03932203	3992
03949442	3993
03952277	3994
03956922	3995
03961939	3996
03964744	3997
03975232	3998
03984381	3999
03996416	4000
04004210	4001
04004475	4002
04004767	4003
04007664	4004
04007894	4005
04008385	4006
04014297	4007
04016240	4008
04016576	4009
04019101	4010
04019696	4011
04027023	4012
04039041	4013
04050410	4014
04051549	4015
04051825	4016
04054795	4017
04055861	4018
04060065	4019
04060647	4020
04061969	4021
04065464	4022
04069276	4023
04071876	4024
04073208	4025
04074482	4026
04076533	4027
04076846	4028
04080833	4029
04081844	4030
04085017	4031
04096848	4032
04105068	4033
04105438	4034
04105893	4035
04110439	4036
04125853	4037
04133211	4038
04143365	4039
04149083	4040
04149208	4041
04151581	4042
04151940	4043
04152387	4044
04152593	4045
04153751	4046
04154152	4047
04160372	4048
04161358	4049
04161981	4050
04162706	4051
04162998	4052
04164989	4053
04170037	4054
04171831	4055
04176528	4056
04179385	4057
04181228	4058
04184095	4059
04184435	4060
04187233	4061
04188368	4062
04188643	4063
04192698	4064
04194289	4065
04198797	4066
04202417	4067
04208210	4068
04209239	4069
04209613	4070
04211356	4071
04211528	4072
04216634	4073
04226537	4074
04231693	4075
04248607	4076
04250026	4077
04250850	4078
04261116	4079
04275661	4080
04285146	4081
04287153	4082
04289027	4083
04294614	4084
04295081	4085
04296562	4086
04298308	4087
04314914	4088
04316646	4089
04320126	4090
04321238	4091
04321534	4092
04328946	4093
04329190	4094
04332243	4095
04341414	4096
04341686	4097
04353803	4098
04357121	4099
04357930	4100
04359589	4101
04360501	4102
04361095	4103
04362025	4104
04366116	4105
04376400	4106
04377057	4107
04384406	4108
04384593	4109
04412901	4110
04422875	4111
04424218	4112
04424418	4113
04435870	4114
04446521	4115
04447028	4116
04447861	4117
04451818	4118
04453910	4119
04456276	4120
04461696	4121
04472243	4122
04472726	4123
04473432	4124
04474035	4125
04476116	4126
04485226	4127
04490091	4128
04515129	4129
04516672	4130
04516874	4131
04524313	4132
04526241	4133
04526964	4134
04530566	4135
04531098	4136
04546855	4137
04549919	4138
04551055	4139
04551375	4140
04552348	4141
04552696	4142
04553703	4143
04561548	4144
04564698	4145
04585745	4146
04588365	4147
04590553	4148
04590746	4149
04596630	4150
04599396	4151
04602044	4152
04606358	4153
04608567	4154
04612840	4155
04613158	4156
04616059	4157
04617562	4158
04618070	4159
04618781	4160
04620216	4161
04623113	4162
04623612	4163
04626705	4164
04628192	4165
04630689	4166
04631067	4167
04631298	4168
04633197	4169
04635104	4170
04638175	4171
04639113	4172
04645943	4173
04648207	4174
04649261	4175
04650201	4176
04650527	4177
04660536	4178
04661151	4179
04662951	4180
04668819	4181
04669247	4182
04673965	4183
04674715	4184
04677514	4185
04679549	4186
04679738	4187
04680285	4188
04681387	4189
04682018	4190
04682462	4191
04683814	4192
04686003	4193
04687333	4194
04688246	4195
04689198	4196
04689450	4197
04689660	4198
04692157	4199
04692908	4200
04693384	4201
04693900	4202
04694441	4203
04695176	4204
04700642	4205
04701460	4206
04702688	4207
04711435	4208
04716864	4209
04717139	4210
04723816	4211
04726938	4212
04728068	4213
04728786	4214
04729328	4215
04729710	4216
04733204	4217
04733640	4218
04734885	4219
04735233	4220
04748836	4221
04750164	4222
04750764	4223
04754237	4224
04754440	4225
04756025	4226
04759849	4227
04760771	4228
04761212	4229
04761815	4230
04762355	4231
04764412	4232
04766275	4233
04766620	4234
04766852	4235
04767347	4236
04768483	4237
04768657	4238
04770211	4239
04770911	4240
04773351	4241
04773596	4242
04779649	4243
04780605	4244
04780958	4245
04781349	4246
04782878	4247
04783247	4248
04789274	4249
04800359	4250
04802198	4251
04802403	4252
04802629	4253
04802776	4254
04806804	4255
04819026	4256
04820258	4257
04821084	4258
04821451	4259
04821802	4260
04826235	4261
04826999	4262
04835724	4263
04836074	4264
04836683	4265
04837232	4266
04837425	4267
04840011	4268
04840981	4269
04841358	4270
04846770	4271
04847991	4272
04849241	4273
04850117	4274
04861486	4275
04863969	4276
04864200	4277
04865502	4278
04865722	4279
04869569	4280
04870340	4281
04871374	4282
04871720	4283
04876985	4284
04877421	4285
04878861	4286
04879092	4287
04892084	4288
04895246	4289
04897762	4290
04898208	4291
04898437	4292
04904664	4293
04904851	4294
04904996	4295
04910973	4296
04916342	4297
04922113	4298
04928903	4299
04930307	4300
04933544	4301
04934546	4302
04935239	4303
04935528	4304
04936846	4305
04937043	4306
04939324	4307
04940964	4308
04946553	4309
04956594	4310
04981139	4311
04983122	4312
04990220	4313
04997988	4314
04999401	4315
04999741	4316
05002822	4317
05003423	4318
05003590	4319
05009170	4320
05010062	4321
05017230	4322
05017458	4323
05018934	4324
05019661	4325
05032565	4326
05034225	4327
05035961	4328
05036394	4329
05038593	4330
05044528	4331
05047279	4332
05051249	4333
05051896	4334
05054863	4335
05058580	4336
05064037	4337
05068080	4338
05068461	4339
05069199	4340
05072663	4341
05074774	4342
05075602	4343
05083328	4344
05084201	4345
05087297	4346
05088056	4347
05088324	4348
05090441	4349
05093890	4350
05107765	4351
05108947	4352
05109808	4353
05111835	4354
05112609	4355
05117660	4356
05121418	4357
05123416	4358
05123760	4359
05124057	4360
05125377	4361
05128519	4362
05131283	4363
05133287	4364
05133535	4365
05136343	4366
05138208	4367
05138488	4368
05141222	4369
05142180	4370
05143690	4371
05145891	4372
05147381	4373
05147940	4374
05148699	4375
05149325	4376
05150129	4377
05151088	4378
05153520	4379
05154908	4380
05157574	4381
05157866	4382
05160796	4383
05161614	4384
05161967	4385
05162455	4386
05166805	4387
05167618	4388
05168261	4389
05171045	4390
05172596	4391
05176188	4392
05176607	4393
05178715	4394
05190804	4395
05192451	4396
05194043	4397
05194151	4398
05194578	4399
05195362	4400
05196375	4401
05197797	4402
05199286	4403
05199869	4404
05200169	4405
05202284	4406
05209822	4407
05211044	4408
05216365	4409
05217168	4410
05217688	4411
05217859	4412
05220461	4413
05221895	4414
05225090	4415
05225602	4416
05229622	4417
05237227	4418
05237755	4419
05240850	4420
05248181	4421
05249636	4422
05250659	4423
05254795	4424
05256085	4425
05261404	4426
05261566	4427
05262185	4428
05263850	4429
05267548	4430
05268965	4431
05269901	4432
05271383	4433
05271814	4434
05272110	4435
05275466	4436
05275651	4437
05277728	4438
05279026	4439
05279688	4440
05279953	4441
05280365	4442
05280831	4443
05282433	4444
05282746	4445
05285623	4446
05286536	4447
05287882	4448
05289057	4449
05289297	4450
05289861	4451
05290756	4452
05293773	4453
05294819	4454
05296253	4455
05296639	4456
05296775	4457
05297523	4458
05298729	4459
05299178	4460
05300231	4461
05301072	4462
05301908	4463
05302499	4464
05303402	4465
05304932	4466
05305136	4467
05305806	4468
05308310	4469
05309050	4470
05309392	4471
05309591	4472
05309725	4473
05310351	4474
05313535	4475
05318606	4476
05318831	4477
05320899	4478
05324553	4479
05325378	4480
05327767	4481
05328867	4482
05329215	4483
05329533	4484
05329735	4485
05333777	4486
05335310	4487
05338410	4488
05339357	4489
05341920	4490
05343542	4491
05343718	4492
05344514	4493
05344848	4494
05348884	4495
05352291	4496
05367341	4497
05367735	4498
05367912	4499
05370918	4500
05371663	4501
05379734	4502
05383467	4503
05385534	4504
05386845	4505
05387167	4506
05388805	4507
05389762	4508
05395098	4509
05395286	4510
05395690	4511
05397178	4512
05397468	4513
05398609	4514
05404074	4515
05405946	4516
05417975	4517
05418717	4518
05421414	4519
05423779	4520
05426243	4521
05430095	4522
05430628	4523
05432736	4524
05432948	4525
05433496	4526
05434557	4527
05434927	4528
05435277	4529
05436080	4530
05445668	4531
05447599	4532
05459232	4533
05461816	4534
05462057	4535
05462315	4536
05462674	4537
05465567	4538
05465868	4539
05466005	4540
05467054	4541
05468849	4542
05469032	4543
05470189	4544
05471629	4545
05472032	4546
05473928	4547
05474346	4548
05475681	4549
05476256	4550
05479314	4551
05480794	4552
05481095	4553
05485314	4554
05491612	4555
05493303	4556
05495172	4557
05497363	4558
05501185	4559
05501711	4560
05502556	4561
05503705	4562
05504107	4563
05509889	4564
05510173	4565
05510702	4566
05511286	4567
05511618	4568
05516366	4569
05517578	4570
05520699	4571
05528854	4572
05529159	4573
05529286	4574
05532225	4575
05532795	4576
05532944	4577
05534333	4578
05535484	4579
05536370	4580
05537576	4581
05538625	4582
05539138	4583
05539595	4584
05543177	4585
05544432	4586
05546040	4587
05546540	4588
05547508	4589
05548840	4590
05549061	4591
05549830	4592
05550330	4593
05551318	4594
05552607	4595
05555473	4596
05555688	4597
05556204	4598
05556325	4599
05557839	4600
05558717	4601
05559727	4602
05559908	4603
05560244	4604
05560787	4605
05562249	4606
05563034	4607
05563770	4608
05564323	4609
05564590	4610
05565696	4611
05566097	4612
05566504	4613
05566919	4614
05567217	4615
05568767	4616
05573895	4617
05574151	4618
05576573	4619
05578251	4620
05578442	4621
05579944	4622
05580416	4623
05581514	4624
05581693	4625
05582305	4626
05584928	4627
05585205	4628
05585383	4629
05585665	4630
05588551	4631
05590366	4632
05590740	4633
05591256	4634
05593017	4635
05593476	4636
05593871	4637
05594037	4638
05594367	4639
05595083	4640
05595531	4641
05596004	4642
05598147	4643
05599203	4644
05599617	4645
05600637	4646
05601198	4647
05601758	4648
05602132	4649
05602548	4650
05602835	4651
05603160	4652
05604950	4653
05609884	4654
05610008	4655
05616246	4656
05623628	4657
05623818	4658
05624700	4659
05625465	4660
05632446	4661
05633385	4662
05634219	4663
05637558	4664
05638063	4665
05638987	4666
05640433	4667
05641959	4668
05650329	4669
05650579	4670
05650820	4671
05651068	4672
05651242	4673
05651399	4674
05651680	4675
05651971	4676
05652396	4677
05652926	4678
05653848	4679
05654362	4680
05656537	4681
05657718	4682
05660268	4683
05660937	4684
05661996	4685
05662532	4686
05663671	4687
05664069	4688
05669934	4689
05670972	4690
05674584	4691
05675130	4692
05675905	4693
05677340	4694
05682570	4695
05682950	4696
05686481	4697
05686955	4698
05689249	4699
05689801	4700
05691376	4701
05692419	4702
05692910	4703
05694791	4704
05695232	4705
05697135	4706
05697976	4707
05699434	4708
05700087	4709
05701363	4710
05701944	4711
05702275	4712
05702726	4713
05703429	4714
05704096	4715
05704266	4716
05704694	4717
05705355	4718
05708432	4719
05710020	4720
05710210	4721
05710573	4722
05712076	4723
05718254	4724
05718935	4725
05721180	4726
05721500	4727
05724694	4728
05726345	4729
05726596	4730
05728678	4731
05731779	4732
05732756	4733
05733583	4734
05734018	4735
05734559	4736
05735478	4737
05736149	4738
05738625	4739
05748285	4740
05752544	4741
05753564	4742
05755156	4743
05755883	4744
05758059	4745
05760202	4746
05761380	4747
05761559	4748
05761918	4749
05762998	4750
05763412	4751
05763916	4752
05764197	4753
05765159	4754
05765415	4755
05765901	4756
05766247	4757
05766984	4758
05767733	4759
05768415	4760
05770664	4761
05770926	4762
05772215	4763
05772356	4764
05772667	4765
05773049	4766
05773923	4767
05774129	4768
05774614	4769
05775081	4770
05775407	4771
05776015	4772
05779712	4773
05780104	4774
05781347	4775
05781800	4776
05782140	4777
05783940	4778
05784242	4779
05784699	4780
05784831	4781
05785067	4782
05785311	4783
05785508	4784
05785885	4785
05786184	4786
05786372	4787
05787005	4788
05788149	4789
05789432	4790
05790242	4791
05790572	4792
05792842	4793
05793000	4794
05793554	4795
05794403	4796
05795044	4797
05795460	4798
05796423	4799
05796750	4800
05797177	4801
05797597	4802
05800611	4803
05800998	4804
05802185	4805
05802912	4806
05803212	4807
05803379	4808
05803938	4809
05804274	4810
05804793	4811
05805475	4812
05805902	4813
05806623	4814
05806855	4815
05807306	4816
05808102	4817
05808218	4818
05809192	4819
05810948	4820
05812038	4821
05816287	4822
05817396	4823
05817845	4824
05818741	4825
05820170	4826
05820620	4827
05821775	4828
05822612	4829
05822746	4830
05823054	4831
05823932	4832
05824739	4833
05825245	4834
05826291	4835
05827253	4836
05827684	4837
05828102	4838
05828263	4839
05829480	4840
05830059	4841
05831784	4842
05831939	4843
05832264	4844
05832745	4845
05833840	4846
05835747	4847
05836275	4848
05837957	4849
05838176	4850
05838765	4851
05839024	4852
05840188	4853
05840650	4854
05845140	4855
05846355	4856
05849040	4857
05849284	4858
05849789	4859
05850624	4860
05850823	4861
05853449	4862
05854150	4863
05854812	4864
05855125	4865
05857459	4866
05859991	4867
05860200	4868
05861067	4869
05864177	4870
05867413	4871
05868477	4872
05869584	4873
05869857	4874
05870180	4875
05888929	4876
05891572	4877
05891783	4878
05892096	4879
05893653	4880
05896059	4881
05896733	4882
05898568	4883
05901508	4884
05902545	4885
05905348	4886
05905802	4887
05906554	4888
05907682	4889
05908520	4890
05910453	4891
05916739	4892
05917477	4893
05919866	4894
05920791	4895
05922949	4896
05926676	4897
05927813	4898
05928513	4899
05930736	4900
05933246	4901
05936381	4902
05937112	4903
05941423	4904
05943066	4905
05943300	4906
05944958	4907
05946687	4908
05951323	4909
05951566	4910
05952490	4911
05952979	4912
05967977	4913
05968450	4914
05978159	4915
05978623	4916
05978812	4917
05979454	4918
05980875	4919
05981230	4920
05981768	4921
05982152	4922
05984287	4923
05984584	4924
05985999	4925
05986948	4926
05993844	4927
05996646	4928
05999797	4929
06000400	4930
06000644	4931
06003682	4932
06004067	4933
06013741	4934
06018022	4935
06018465	4936
06022291	4937
06037298	4938
06037666	4939
06043075	4940
06045562	4941
06054700	4942
06055300	4943
06057539	4944
06060845	4945
06066555	4946
06078327	4947
06080522	4948
06084469	4949
06090869	4950
06094774	4951
06095022	4952
06099269	4953
06115476	4954
06115701	4955
06128570	4956
06135915	4957
06136258	4958
06148148	4959
06149484	4960
06152821	4961
06153186	4962
06153846	4963
06157326	4964
06158346	4965
06161718	4966
06163751	4967
06169285	4968
06170498	4969
06171040	4970
06172502	4971
06172789	4972
06174404	4973
06177033	4974
06182144	4975
06193203	4976
06193727	4977
06196284	4978
06196584	4979
06199702	4980
06200344	4981
06201042	4982
06207561	4983
06208021	4984
06208751	4985
06210363	4986
06251781	4987
06252138	4988
06252743	4989
06252954	4990
06253140	4991
06253371	4992
06253518	4993
06253690	4994
06254007	4995
06254239	4996
06254475	4997
06255354	4998
06256229	4999
06256697	5000
06258031	5001
06258680	5002
06259898	5003
06264176	5004
06278136	5005
06282651	5006
06284225	5007
06286395	5008
06289250	5009
06290637	5010
06291318	5011
06304671	5012
06308049	5013
06312966	5014
06313457	5015
06313651	5016
06316048	5017
06320801	5018
06321054	5019
06324475	5020
06333653	5021
06338908	5022
06343971	5023
06345131	5024
06346461	5025
06346681	5026
06349220	5027
06353934	5028
06355307	5029
06355705	5030
06355894	5031
06359877	5032
06362953	5033
06364149	5034
06364329	5035
06364641	5036
06365467	5037
06367107	5038
06367373	5039
06369829	5040
06371413	5041
06372095	5042
06373747	5043
06373991	5044
06374587	5045
06376154	5046
06377133	5047
06387980	5048
06389230	5049
06389553	5050
06392001	5051
06392935	5052
06394701	5053
06394865	5054
06396930	5055
06397307	5056
06397903	5057
06398401	5058
06398760	5059
06399631	5060
06399995	5061
06400271	5062
06400510	5063
06404582	5064
06410391	5065
06410776	5066
06410904	5067
06413889	5068
06417598	5069
06418693	5070
06420781	5071
06425065	5072
06427831	5073
06428216	5074
06428646	5075
06467007	5076
06467445	5077
06468123	5078
06470073	5079
06471345	5080
06472025	5081
06472242	5082
06479665	5083
06481320	5084
06482401	5085
06489659	5086
06490887	5087
06502378	5088
06504462	5089
06506757	5090
06507041	5091
06511874	5092
06516595	5093
06516955	5094
06520944	5095
06522501	5096
06523132	5097
06524935	5098
06528783	5099
06528992	5100
06532095	5101
06532330	5102
06536389	5103
06539178	5104
06539770	5105
06549661	5106
06551784	5107
06556692	5108
06558277	5109
06559365	5110
06566077	5111
06568978	5112
06582403	5113
06589574	5114
06591442	5115
06593099	5116
06598445	5117
06598915	5118
06601327	5119
06602148	5120
06602935	5121
06605396	5122
06607339	5123
06608143	5124
06608728	5125
06609503	5126
06610143	5127
06610992	5128
06613056	5129
06615561	5130
06619428	5131
06628861	5132
06629858	5133
06633363	5134
06634095	5135
06634376	5136
06637824	5137
06643408	5138
06647206	5139
06648207	5140
06648724	5141
06649915	5142
06650070	5143
06650431	5144
06650701	5145
06652242	5146
06671484	5147
06671637	5148
06677302	5149
06678302	5150
06681177	5151
06681551	5152
06684383	5153
06684572	5154
06685198	5155
06686736	5156
06687178	5157
06687358	5158
06687701	5159
06688522	5160
06691083	5161
06691442	5162
06693198	5163
06694540	5164
06694796	5165
06709533	5166
06709692	5167
06709998	5168
06710546	5169
06711159	5170
06711855	5171
06712325	5172
06712833	5173
06713930	5174
06714288	5175
06714420	5176
06721949	5177
06722453	5178
06724763	5179
06725877	5180
06726158	5181
06726939	5182
06729499	5183
06730563	5184
06731186	5185
06731378	5186
06731510	5187
06732013	5188
06732350	5189
06732710	5190
06732925	5191
06733227	5192
06733939	5193
06734467	5194
06736405	5195
06738281	5196
06740183	5197
06740402	5198
06740644	5199
06740919	5200
06741305	5201
06742426	5202
06742772	5203
06742932	5204
06743230	5205
06743362	5206
06743506	5207
06744000	5208
06746580	5209
06748969	5210
06749881	5211
06750804	5212
06751974	5213
06753299	5214
06753800	5215
06755568	5216
06756407	5217
06756680	5218
06756831	5219
06757057	5220
06757891	5221
06758225	5222
06759349	5223
06760722	5224
06761099	5225
06761603	5226
06762380	5227
06762711	5228
06763273	5229
06763681	5230
06764244	5231
06765044	5232
06766190	5233
06767035	5234
06768901	5235
06770275	5236
06770875	5237
06771653	5238
06773150	5239
06776138	5240
06780678	5241
06782019	5242
06782680	5243
06786629	5244
06787150	5245
06791372	5246
06792645	5247
06793231	5248
06793426	5249
06796506	5250
06796642	5251
06797169	5252
06797671	5253
06798558	5254
06798750	5255
06799897	5256
06806469	5257
06807198	5258
06811625	5259
06817623	5260
06817782	5261
06818121	5262
06818747	5263
06855035	5264
06873252	5265
06875697	5266
06876144	5267
06876309	5268
06879180	5269
06880249	5270
06880664	5271
06885083	5272
06889330	5273
06890846	5274
06891493	5275
06892016	5276
06893885	5277
06998748	5278
07002992	5279
07003119	5280
07006119	5281
07006712	5282
07006951	5283
07007684	5284
07007945	5285
07009538	5286
07009640	5287
07009946	5288
07012534	5289
07013736	5290
07014752	5291
07018931	5292
07020895	5293
07037465	5294
07039238	5295
07039478	5296
07044917	5297
07045353	5298
07048000	5299
07050177	5300
07066659	5301
07070429	5302
07071483	5303
07072698	5304
07073208	5305
07080868	5306
07087777	5307
07089751	5308
07090108	5309
07090721	5310
07092158	5311
07098193	5312
07099271	5313
07109019	5314
07109196	5315
07109847	5316
07110615	5317
07111047	5318
07120364	5319
07120524	5320
07122730	5321
07123012	5322
07128692	5323
07128946	5324
07129867	5325
07130050	5326
07131854	5327
07132415	5328
07133701	5329
07135734	5330
07136940	5331
07137129	5332
07137950	5333
07138085	5334
07138915	5335
07139151	5336
07139316	5337
07139700	5338
07139873	5339
07140659	5340
07140978	5341
07142365	5342
07148192	5343
07150644	5344
07151380	5345
07151892	5346
07154330	5347
07159791	5348
07160116	5349
07160296	5350
07160883	5351
07161429	5352
07162194	5353
07162545	5354
07162680	5355
07167415	5356
07168131	5357
07170753	5358
07171206	5359
07172756	5360
07173959	5361
07175241	5362
07176962	5363
07177924	5364
07180183	5365
07180570	5366
07184391	5367
07185076	5368
07185325	5369
07185668	5370
07186828	5371
07187773	5372
07187996	5373
07191777	5374
07193184	5375
07193596	5376
07193958	5377
07194499	5378
07196682	5379
07197021	5380
07199565	5381
07199922	5382
07200527	5383
07201365	5384
07201804	5385
07202579	5386
07202812	5387
07203126	5388
07203696	5389
07205573	5390
07207273	5391
07208000	5392
07208338	5393
07208708	5394
07209965	5395
07211092	5396
07212190	5397
07212424	5398
07213395	5399
07214432	5400
07214994	5401
07215377	5402
07216083	5403
07217924	5404
07218470	5405
07220773	5406
07221094	5407
07221756	5408
07222823	5409
07223170	5410
07223985	5411
07226545	5412
07227772	5413
07230502	5414
07231294	5415
07232421	5416
07232655	5417
07233214	5418
07238694	5419
07240549	5420
07240925	5421
07241837	5422
07242104	5423
07242912	5424
07243193	5425
07245125	5426
07246036	5427
07247071	5428
07248060	5429
07248507	5430
07248801	5431
07250339	5432
07251619	5433
07251779	5434
07252206	5435
07252378	5436
07252764	5437
07253637	5438
07254057	5439
07258664	5440
07262704	5441
07270179	5442
07272172	5443
07272545	5444
07273136	5445
07283608	5446
07284554	5447
07286368	5448
07286799	5449
07286905	5450
07289014	5451
07290278	5452
07290905	5453
07291312	5454
07291794	5455
07292694	5456
07296190	5457
07296428	5458
07298154	5459
07298982	5460
07300960	5461
07301336	5462
07305234	5463
07307754	5464
07308563	5465
07309781	5466
07311115	5467
07311661	5468
07312221	5469
07313636	5470
07313814	5471
07314277	5472
07317764	5473
07319909	5474
07320302	5475
07321772	5476
07323922	5477
07324380	5478
07324673	5479
07325190	5480
07326557	5481
07326880	5482
07328942	5483
07330828	5484
07331400	5485
07331759	5486
07332148	5487
07332691	5488
07333649	5489
07334490	5490
07334876	5491
07335097	5492
07335243	5493
07335414	5494
07335581	5495
07337390	5496
07338681	5497
07339329	5498
07340249	5499
07342049	5500
07343363	5501
07344528	5502
07344663	5503
07345593	5504
07346057	5505
07348399	5506
07351612	5507
07352190	5508
07353075	5509
07355491	5510
07355887	5511
07356676	5512
07357388	5513
07357679	5514
07358060	5515
07359599	5516
07360647	5517
07361128	5518
07361416	5519
07362075	5520
07362218	5521
07363346	5522
07363883	5523
07364700	5524
07365193	5525
07365849	5526
07366289	5527
07367548	5528
07369604	5529
07370270	5530
07370410	5531
07370671	5532
07371293	5533
07373277	5534
07373602	5535
07373803	5536
07374756	5537
07375214	5538
07375405	5539
07375635	5540
07384741	5541
07386370	5542
07387509	5543
07388987	5544
07389569	5545
07390400	5546
07395104	5547
07395446	5548
07405893	5549
07406765	5550
07407777	5551
07407970	5552
07409121	5553
07409592	5554
07410021	5555
07410207	5556
07413899	5557
07414566	5558
07414740	5559
07414922	5560
07415730	5561
07416714	5562
07417043	5563
07419233	5564
07420770	5565
07421316	5566
07423001	5567
07423365	5568
07423560	5569
07423899	5570
07432559	5571
07433662	5572
07434102	5573
07436100	5574
07439570	5575
07445265	5576
07445480	5577
07445896	5578
07447022	5579
07447261	5580
07450651	5581
07450842	5582
07452348	5583
07452699	5584
07452841	5585
07467846	5586
07472929	5587
07475364	5588
07476623	5589
07477945	5590
07488340	5591
07490713	5592
07491038	5593
07491286	5594
07495551	5595
07496755	5596
07497473	5597
07497976	5598
07498854	5599
07500414	5600
07500741	5601
07505047	5602
07508232	5603
07510495	5604
07510625	5605
07510923	5606
07513508	5607
07514345	5608
07518261	5609
07518468	5610
07518663	5611
07519040	5612
07519253	5613
07521039	5614
07521674	5615
07522128	5616
07523905	5617
07524242	5618
07524529	5619
07524760	5620
07527352	5621
07528212	5622
07528470	5623
07534108	5624
07540866	5625
07546465	5626
07547805	5627
07548366	5628
07550369	5629
07550666	5630
07555863	5631
07560652	5632
07561112	5633
07565259	5634
07566340	5635
07567390	5636
07570720	5637
07578363	5638
07578879	5639
07644382	5640
07647870	5641
07649463	5642
07649854	5643
07650637	5644
07705711	5645
07747455	5646
07776866	5647
07794159	5648
07881800	5649
07882497	5650
07885223	5651
07885937	5652
07926127	5653
07938773	5654
07939382	5655
07939638	5656
07941170	5657
07942152	5658
07950920	5659
07951464	5660
07959016	5661
07959269	5662
07959943	5663
07961480	5664
07963087	5665
07963711	5666
07963987	5667
07964495	5668
07965085	5669
07969695	5670
07970406	5671
07974025	5672
07975026	5673
07976936	5674
07985223	5675
07988857	5676
07991364	5677
07992450	5678
07993109	5679
07993279	5680
07997703	5681
07999699	5682
08000304	5683
08008017	5684
08008335	5685
08009834	5686
08050678	5687
08053576	5688
08054417	5689
08054721	5690
08055150	5691
08056231	5692
08057633	5693
08058098	5694
08059870	5695
08060446	5696
08061042	5697
08062623	5698
08063446	5699
08064130	5700
08078020	5701
08081403	5702
08081668	5703
08101085	5704
08101410	5705
08101937	5706
08103457	5707
08103777	5708
08106934	5709
08107499	5710
08108627	5711
08108972	5712
08109624	5713
08110373	5714
08111157	5715
08119821	5716
08122141	5717
08123167	5718
08132637	5719
08146593	5720
08146782	5721
08160276	5722
08163273	5723
08164585	5724
08166187	5725
08166318	5726
08179879	5727
08180190	5728
08186047	5729
08187837	5730
08188449	5731
08188638	5732
08189659	5733
08191532	5734
08191701	5735
08198137	5736
08198398	5737
08199025	5738
08208016	5739
08208560	5740
08220714	5741
08227214	5742
08233056	5743
08239808	5744
08252211	5745
08266235	5746
08274565	5747
08292756	5748
08293982	5749
08307589	5750
08310389	5751
08322981	5752
08324514	5753
08357784	5754
08358594	5755
08359949	5756
08368907	5757
08373244	5758
08374049	5759
08376051	5760
08377806	5761
08378356	5762
08381436	5763
08381636	5764
08398773	5765
08399586	5766
08400965	5767
08402442	5768
08403225	5769
08406486	5770
08418103	5771
08419163	5772
08419562	5773
08426461	5774
08435388	5775
08436759	5776
08438067	5777
08441203	5778
08456993	5779
08462205	5780
08462320	5781
08463817	5782
08473482	5783
08478482	5784
08482271	5785
08491027	5786
08497294	5787
08499840	5788
08509442	5789
08510666	5790
08511241	5791
08512259	5792
08512736	5793
08513163	5794
08513718	5795
08549070	5796
08550076	5797
08558963	5798
08559155	5799
08559508	5800
08560952	5801
08565701	5802
08565894	5803
08566028	5804
08566554	5805
08566707	5806
08567235	5807
08567877	5808
08568978	5809
08569591	5810
08574314	5811
08578706	5812
08591680	5813
08592656	5814
08593262	5815
08612786	5816
08620061	5817
08620763	5818
08621598	5819
08622950	5820
08623927	5821
08624385	5822
08628921	5823
08630039	5824
08630985	5825
08647616	5826
08648322	5827
08651247	5828
08656590	5829
08660339	5830
08663354	5831
08664443	5832
08672562	5833
08673395	5834
08677628	5835
08679369	5836
08679972	5837
08680888	5838
08681222	5839
09048460	5840
09178821	5841
09178999	5842
09179776	5843
09184834	5844
09184975	5845
09190918	5846
09206985	5847
09213828	5848
09222051	5849
09225146	5850
09243769	5851
09257949	5852
09258715	5853
09260907	5854
09269972	5855
09278537	5856
09279458	5857
09283623	5858
09285254	5859
09310460	5860
09313716	5861
09328904	5862
09349648	5863
09354511	5864
09376198	5865
09379111	5866
09385137	5867
09385911	5868
09387222	5869
09415938	5870
09429387	5871
09437369	5872
09442838	5873
09443136	5874
09448361	5875
09451517	5876
09465459	5877
09469285	5878
09470550	5879
09476521	5880
09505153	5881
09559201	5882
09605289	5883
09606009	5884
09607280	5885
09607630	5886
09608002	5887
09608709	5888
09609232	5889
09609871	5890
09610660	5891
09612848	5892
09613191	5893
09614047	5894
09614315	5895
09614684	5896
09615211	5897
09615465	5898
09615807	5899
09616922	5900
09617867	5901
09618760	5902
09620078	5903
09621545	5904
09622049	5905
09622745	5906
09623038	5907
09624559	5908
09624980	5909
09625401	5910
09626589	5911
09627906	5912
09628382	5913
09629065	5914
09629752	5915
09630641	5916
09631129	5917
09631463	5918
09632274	5919
09632518	5920
09633969	5921
09754907	5922
09755241	5923
09758781	5924
09758885	5925
09761403	5926
09762821	5927
09764900	5928
09765278	5929
09767197	5930
09769345	5931
09769636	5932
09770949	5933
09771664	5934
09773245	5935
09773962	5936
09774266	5937
09774783	5938
09775663	5939
09777353	5940
09779790	5941
09780828	5942
09784707	5943
09786922	5944
09790482	5945
09791530	5946
09792237	5947
09792555	5948
09794917	5949
09795124	5950
09795334	5951
09798534	5952
09800964	5953
09801864	5954
09802050	5955
09802239	5956
09805475	5957
09810166	5958
09811712	5959
09812338	5960
09814660	5961
09815790	5962
09816771	5963
09820263	5964
09821253	5965
09821831	5966
09822955	5967
09823287	5968
09824361	5969
09824609	5970
09825096	5971
09831962	5972
09840050	5973
09843602	5974
09845999	5975
09847727	5976
09848489	5977
09851876	5978
09854510	5979
09855630	5980
09858299	5981
09862345	5982
09867956	5983
09868270	5984
09873604	5985
09875786	5986
09878275	5987
09880741	5988
09882007	5989
09882716	5990
09887034	5991
09889691	5992
09893600	5993
09897696	5994
09898346	5995
09900981	5996
09901143	5997
09901642	5998
09902954	5999
09904057	6000
09909060	6001
09909760	6002
09910374	6003
09911570	6004
09912995	6005
09913329	6006
09915964	6007
09921409	6008
09923673	6009
09926862	6010
09927451	6011
09928451	6012
09929298	6013
09930257	6014
09931640	6015
09937688	6016
09937903	6017
09938672	6018
09939313	6019
09941383	6020
09941571	6021
09941964	6022
09942431	6023
09942970	6024
09943541	6025
09943811	6026
09944022	6027
09944160	6028
09946957	6029
09947232	6030
09949946	6031
09952539	6032
09953178	6033
09954479	6034
09955015	6035
09958892	6036
09960688	6037
09961999	6038
09962789	6039
09962966	6040
09963914	6041
09964411	6042
09966255	6043
09968845	6044
09969491	6045
09974054	6046
09974648	6047
09975425	6048
09976429	6049
09977660	6050
09979072	6051
09979321	6052
09981540	6053
09984659	6054
09991867	6055
09997404	6056
09998101	6057
09998907	6058
10000007	6059
10001058	6060
10001217	6061
10003120	6062
10003283	6063
10004539	6064
10004804	6065
10005280	6066
10005548	6067
10005721	6068
10006842	6069
10007109	6070
10008716	6071
10009276	6072
10009484	6073
10012484	6074
10012989	6075
10019888	6076
10024362	6077
10027590	6078
10029068	6079
10029269	6080
10030277	6081
10032676	6082
10034201	6083
10034614	6084
10034785	6085
10034906	6086
10035809	6087
10036266	6088
10037385	6089
10042690	6090
10044879	6091
10045454	6092
10045713	6093
10046527	6094
10052843	6095
10053808	6096
10054657	6097
10055566	6098
10059162	6099
10060352	6100
10063461	6101
10066732	6102
10067968	6103
10068234	6104
10068804	6105
10069296	6106
10074339	6107
10075529	6108
10076957	6109
10078806	6110
10079399	6111
10080337	6112
10080869	6113
10082146	6114
10085217	6115
10086074	6116
10089615	6117
10090498	6118
10100761	6119
10102506	6120
10102800	6121
10105085	6122
10107303	6123
10113997	6124
10114550	6125
10115082	6126
10118844	6127
10122300	6128
10126177	6129
10140051	6130
10140314	6131
10147619	6132
10148305	6133
10150071	6134
10150794	6135
10151570	6136
10154601	6137
10155849	6138
10159714	6139
10160012	6140
10161178	6141
10161363	6142
10165109	6143
10165448	6144
10166762	6145
10168012	6146
10169796	6147
10169937	6148
10173895	6149
10176679	6150
10178216	6151
10178611	6152
10180178	6153
10180580	6154
10182499	6155
10191613	6156
10191943	6157
10195593	6158
10201535	6159
10203949	6160
10204921	6161
10205985	6162
10206173	6163
10206887	6164
10207831	6165
10209082	6166
10209246	6167
10210648	6168
10212501	6169
10212780	6170
10214637	6171
10215623	6172
10225219	6173
10227985	6174
10231087	6175
10235549	6176
10240082	6177
10241300	6178
10247044	6179
10249459	6180
10249950	6181
10251779	6182
10252075	6183
10252222	6184
10252547	6185
10253995	6186
10256537	6187
10261041	6188
10264437	6189
10266328	6190
10266848	6191
10268180	6192
10269785	6193
10271216	6194
10279018	6195
10284064	6196
10285762	6197
10286539	6198
10290422	6199
10292316	6200
10294602	6201
10301261	6202
10307234	6203
10308275	6204
10308504	6205
10308732	6206
10309347	6207
10309896	6208
10314952	6209
10317007	6210
10319796	6211
10323182	6212
10332385	6213
10334101	6214
10334957	6215
10335801	6216
10335931	6217
10336234	6218
10338707	6219
10339504	6220
10339966	6221
10340312	6222
10341955	6223
10345804	6224
10349243	6225
10351874	6226
10355449	6227
10360101	6228
10363913	6229
10365514	6230
10369528	6231
10370381	6232
10372076	6233
10372373	6234
10378412	6235
10379758	6236
10380672	6237
10381214	6238
10381369	6239
10383237	6240
10383505	6241
10383816	6242
10384214	6243
10387712	6244
10388924	6245
10389398	6246
10391653	6247
10393909	6248
10395605	6249
10399299	6250
10399491	6251
10401639	6252
10401829	6253
10402285	6254
10402824	6255
10404672	6256
10404998	6257
10407954	6258
10409752	6259
10415638	6260
10418101	6261
10418841	6262
10420031	6263
10421470	6264
10423589	6265
10425946	6266
10426454	6267
10426749	6268
10428004	6269
10431625	6270
10434725	6271
10438172	6272
10439851	6273
10441694	6274
10442232	6275
10442417	6276
10448983	6277
10450303	6278
10451263	6279
10451590	6280
10455619	6281
10457444	6282
10458111	6283
10461424	6284
10461747	6285
10463714	6286
10463943	6287
10464178	6288
10466198	6289
10466918	6290
10467179	6291
10467395	6292
10468559	6293
10468750	6294
10468962	6295
10469346	6296
10475297	6297
10480018	6298
10480253	6299
10481003	6300
10481268	6301
10482054	6302
10482220	6303
10483530	6304
10484526	6305
10484858	6306
10486349	6307
10487182	6308
10488865	6309
10490699	6310
10491309	6311
10491575	6312
10495167	6313
10498551	6314
10502046	6315
10507070	6316
10507230	6317
10509389	6318
10509605	6319
10510339	6320
10511425	6321
10513120	6322
10514429	6323
10514784	6324
10516294	6325
10516692	6326
10516874	6327
10517826	6328
10518194	6329
10520804	6330
10521470	6331
10521662	6332
10522035	6333
10522759	6334
10523076	6335
10523519	6336
10524413	6337
10524973	6338
10525134	6339
10526927	6340
10529231	6341
10532576	6342
10533013	6343
10533983	6344
10534389	6345
10538154	6346
10538272	6347
10541229	6348
10544748	6349
10549510	6350
10553627	6351
10553805	6352
10554455	6353
10556518	6354
10557854	6355
10559288	6356
10560637	6357
10561861	6358
10562283	6359
10563826	6360
10564224	6361
10565302	6362
10567401	6363
10575787	6364
10576071	6365
10576316	6366
10577284	6367
10580030	6368
10582746	6369
10583250	6370
10583387	6371
10583916	6372
10592397	6373
10593115	6374
10596689	6375
10596899	6376
10597234	6377
10597505	6378
10599354	6379
10599806	6380
10603528	6381
10605985	6382
10608385	6383
10609092	6384
10611613	6385
10617193	6386
10618007	6387
10619492	6388
10623354	6389
10624310	6390
10624540	6391
10625860	6392
10626867	6393
10629020	6394
10630188	6395
10631941	6396
10633450	6397
10634316	6398
10635275	6399
10637635	6400
10638385	6401
10641755	6402
10642151	6403
10645611	6404
10646942	6405
10648237	6406
10652954	6407
10658304	6408
10660333	6409
10661563	6410
10665302	6411
10665698	6412
10670310	6413
10671042	6414
10673451	6415
10677271	6416
10677713	6417
10679998	6418
10680609	6419
10684630	6420
10687231	6421
10689564	6422
10691600	6423
10692482	6424
10692883	6425
10693824	6426
10694258	6427
10695555	6428
10699752	6429
10700201	6430
10700517	6431
10703692	6432
10703905	6433
10706812	6434
10708292	6435
10708454	6436
10716005	6437
10716389	6438
10717589	6439
10718131	6440
10720453	6441
10720964	6442
10721470	6443
10722385	6444
10722575	6445
10724699	6446
10725280	6447
10728624	6448
10728998	6449
10729175	6450
10731244	6451
10731848	6452
10732314	6453
10738515	6454
10740017	6455
10740219	6456
10741590	6457
10741821	6458
10743124	6459
10743675	6460
10745894	6461
10746346	6462
10752093	6463
10752480	6464
10754281	6465
10756433	6466
10757193	6467
10757492	6468
10763725	6469
10765098	6470
10767519	6471
10770059	6472
10771392	6473
10773040	6474
10773126	6475
10773394	6476
10776339	6477
10779775	6478
10784922	6479
10785085	6480
10785695	6481
10786033	6482
10786270	6483
10786517	6484
10789963	6485
10791221	6486
10792178	6487
10792856	6488
10794014	6489
10801291	6490
10804406	6491
11410625	6492
11412727	6493
11414411	6494
11414608	6495
11414874	6496
11415084	6497
11418750	6498
11419404	6499
11444117	6500
11444643	6501
11447851	6502
11450869	6503
11452218	6504
11458624	6505
11473138	6506
11480698	6507
11480930	6508
11498040	6509
11498203	6510
11499284	6511
11499817	6512
11501230	6513
11511765	6514
11512818	6515
11531090	6516
11552386	6517
11665372	6518
11669335	6519
11669921	6520
11675842	6521
11676500	6522
11677743	6523
11690893	6524
13083586	6525
13085864	6526
13086908	6527
13087625	6528
13095685	6529
13096863	6530
13102409	6531
13134947	6532
13135832	6533
13152742	6534
13154077	6535
13244109	6536
13247554	6537
13252973	6538
13258362	6539
13265011	6540
13265904	6541
13266170	6542
13268146	6543
13273550	6544
13275288	6545
13275495	6546
13275847	6547
13285176	6548
13285714	6549
13286640	6550
13289467	6551
13295657	6552
13299651	6553
13306870	6554
13307784	6555
13307901	6556
13308864	6557
13308999	6558
13313733	6559
13329641	6560
13331198	6561
13331634	6562
13333047	6563
13342692	6564
13342987	6565
13343526	6566
13353607	6567
13354420	6568
13354985	6569
13359572	6570
13365286	6571
13365698	6572
13366311	6573
13366693	6574
13366912	6575
13367070	6576
13367593	6577
13368052	6578
13370448	6579
13403643	6580
13405962	6581
13408980	6582
13411157	6583
13412321	6584
13413493	6585
13423922	6586
13426376	6587
13427078	6588
13439570	6589
13440063	6590
13446390	6591
13447361	6592
13451804	6593
13454318	6594
13455487	6595
13457378	6596
13458268	6597
13458571	6598
13459088	6599
13461162	6600
13464204	6601
13465530	6602
13467916	6603
13470491	6604
13477462	6605
13480667	6606
13480848	6607
13484303	6608
13485408	6609
13486270	6610
13486671	6611
13489037	6612
13491060	6613
13496517	6614
13503908	6615
13504173	6616
13505987	6617
13506587	6618
13508651	6619
13512238	6620
13518963	6621
13523661	6622
13524925	6623
13525549	6624
13526110	6625
13527965	6626
13534274	6627
13534954	6628
13536794	6629
13541167	6630
13547199	6631
13549672	6632
13553916	6633
13554343	6634
13555446	6635
13555775	6636
13558490	6637
13558696	6638
13559782	6639
13560079	6640
13561719	6641
13565379	6642
13572436	6643
13575869	6644
13576101	6645
13576355	6646
13576982	6647
13580415	6648
13582013	6649
13583724	6650
13600822	6651
13728499	6652
13732078	6653
13740168	6654
13741022	6655
13742358	6656
13754293	6657
13757249	6658
13760316	6659
13761171	6660
13761966	6661
13769317	6662
13773361	6663
13773539	6664
13777344	6665
13779032	6666
13779374	6667
13780719	6668
13790712	6669
13791389	6670
13792579	6671
13792692	6672
13793504	6673
13794034	6674
13794417	6675
13795180	6676
13809207	6677
13809920	6678
13810323	6679
13810615	6680
13812607	6681
13813765	6682
13814041	6683
13822995	6684
13840719	6685
13844212	6686
13858604	6687
13859043	6688
13860548	6689
13860793	6690
13863771	6691
13864153	6692
13864965	6693
13865483	6694
13870805	6695
13872421	6696
13874384	6697
13889843	6698
13892897	6699
13894306	6700
13896100	6701
13896369	6702
13899200	6703
13899404	6704
13903079	6705
13903387	6706
13904843	6707
13905121	6708
13905405	6709
13905792	6710
13907415	6711
13910384	6712
13911151	6713
13920835	6714
13924659	6715
13927383	6716
13928388	6717
13928668	6718
13929852	6719
13932421	6720
13935227	6721
13937554	6722
13939892	6723
13940456	6724
13941125	6725
13945102	6726
13945919	6727
13947415	6728
13948026	6729
13954253	6730
13954818	6731
13955461	6732
13956488	6733
13960117	6734
13960464	6735
13961642	6736
13962166	6737
13962498	6738
13968547	6739
13971065	6740
13980288	6741
13986372	6742
13989627	6743
13989863	6744
13990502	6745
13993517	6746
13999663	6747
14000403	6748
14001348	6749
14001728	6750
14004317	6751
14006945	6752
14007546	6753
14010148	6754
14010636	6755
14010927	6756
14015731	6757
14016361	6758
14017332	6759
14018567	6760
14023997	6761
14031108	6762
14031523	6763
14035298	6764
14036203	6765
14037011	6766
14046202	6767
14048134	6768
14050143	6769
14051917	6770
14052046	6771
14055408	6772
14061462	6773
14064644	6774
14213328	6775
14285276	6776
14285662	6777
14286549	6778
14287113	6779
14298815	6780
14322699	6781
14333433	6782
14371161	6783
14373582	6784
14379130	6785
14379501	6786
14379703	6787
14379829	6788
14403107	6789
14403282	6790
14405774	6791
14406573	6792
14407536	6793
14407899	6794
14408951	6795
14411981	6796
14412725	6797
14413644	6798
14414715	6799
14415518	6800
14418395	6801
14418662	6802
14419164	6803
14420954	6804
14421139	6805
14422179	6806
14424780	6807
14425103	6808
14425414	6809
14436438	6810
14441825	6811
14442530	6812
14442933	6813
14445226	6814
14450691	6815
14451020	6816
14451349	6817
14462666	6818
14462946	6819
14463826	6820
14464203	6821
14477667	6822
14479615	6823
14480420	6824
14480772	6825
14481080	6826
14481929	6827
14483917	6828
14485526	6829
14486122	6830
14488317	6831
14491271	6832
14492953	6833
14494716	6834
14497763	6835
14498096	6836
14499262	6837
14499594	6838
14504726	6839
14507951	6840
14513259	6841
14514039	6842
14515463	6843
14525365	6844
14525548	6845
14534696	6846
14535431	6847
14535643	6848
14541852	6849
14547369	6850
14548343	6851
14559983	6852
14560612	6853
14561618	6854
14562142	6855
14562324	6856
14562683	6857
14562960	6858
14574846	6859
14575399	6860
14577046	6861
14578104	6862
14578471	6863
14580897	6864
14586258	6865
14591091	6866
14597158	6867
14598079	6868
14686913	6869
14699752	6870
14702416	6871
14704465	6872
14704966	6873
14778436	6874
14806838	6875
14818238	6876
14821043	6877
14840092	6878
14841267	6879
14842091	6880
14853947	6881
14854262	6882
14854581	6883
14860102	6884
14864360	6885
14873641	6886
14875077	6887
14877585	6888
14890659	6889
14920388	6890
14938907	6891
14940100	6892
14940386	6893
14984973	6894
14997888	6895
15003969	6896
15046900	6897
15047313	6898
15055633	6899
15109745	6900
15113229	6901
15140405	6902
15140892	6903
15141486	6904
15142167	6905
15142836	6906
15143276	6907
15143477	6908
15144371	6909
15145171	6910
15152062	6911
15152817	6912
15153472	6913
15153787	6914
15180528	6915
15224293	6916
15224486	6917
15224692	6918
15226214	6919
15226732	6920
15236475	6921
15244650	6922
15253139	6923
15254028	6924
15255641	6925
15255804	6926
15256022	6927
15256245	6928
15256915	6929
15257416	6930
15257553	6931
15257692	6932
15258281	6933
15258450	6934
15258694	6935
15265518	6936
15266265	6937
15266911	6938
15267536	6939
15268239	6940
15269513	6941
15271008	6942
15271417	6943
15272029	6944
15274074	6945
15274863	6946
15277730	6947
15280497	6948
15283097	6949
15286042	6950
15286249	6951
15291498	6952
15295416	6953
