00001740	0
00001930	1
00002137	2
00002325	3
00002452	4
00002573	5
00002684	6
00003316	7
00003356	8
00003553	9
00004227	10
00004258	11
00004475	12
00004605	13
00005041	14
00006484	15
00007347	16
00007846	17
00008055	18
00010435	19
00011757	20
00013160	21
00014549	22
00015388	23
00017222	24
00019128	25
00019448	26
00019613	27
00019792	28
00020827	29
00021939	30
00022686	31
00023100	32
00023271	33
00023773	34
00024264	35
00024720	36
00026192	37
00027705	38
00028565	39
00029378	40
00029677	41
00030358	42
00031264	43
00031921	44
00032613	45
00033020	46
00033615	47
00034213	48
00034288	49
00034574	50
00035189	51
00037396	52
00037457	53
00038750	54
00038849	55
00040152	56
00040325	57
00040804	58
00040962	59
00041899	60
00042311	61
00042457	62
00042541	63
00043195	64
00043411	65
00043765	66
00044150	67
00044455	68
00044673	69
00045250	70
00045907	71
00046522	72
00048374	73
00050195	74
00050693	75
00051045	76
00053913	77
00054628	78
00055142	79
00055539	80
00055871	81
00056334	82
00056930	83
00059019	84
00059127	85
00059552	86
00061290	87
00061598	88
00061792	89
00062451	90
00062806	91
00064095	92
00064643	93
00064889	94
00065070	95
00066025	96
00066191	97
00067274	98
00067999	99
00069295	100
00069879	101
00070641	102
00070816	103
00071178	104
00071646	105
00075135	106
00077419	107
00078760	108
00079018	109
00079398	110
00081572	111
00081725	112
00081836	113
00082081	114
00082308	115
00082563	116
00084230	117
00084562	118
00084738	119
00087152	120
00089351	121
00090186	122
00090779	123
00091311	124
00091968	125
00093483	126
00094001	127
00094240	128
00094460	129
00095121	130
00096343	131
00096513	132
00099951	133
00100543	134
00101609	135
00101779	136
00105333	137
00109660	138
00112312	139
00112997	140
00113113	141
00113726	142
00114095	143
00115157	144
00116376	145
00116619	146
00119074	147
00119524	148
00121046	149
00121366	150
00121865	151
00123170	152
00125841	153
00126264	154
00127531	155
00131426	156
00136991	157
00137313	158
00138956	159
00140123	160
00140652	161
00140900	162
00141806	163
00142191	164
00143251	165
00145218	166
00146138	167
00147187	168
00147454	169
00147595	170
00147862	171
00148978	172
00149262	173
00150202	174
00151087	175
00151497	176
00151689	177
00152887	178
00156390	179
00156625	180
00156812	181
00157081	182
00157957	183
00158804	184
00159177	185
00159620	186
00161243	187
00162632	188
00163592	189
00163779	190
00164345	191
00164816	192
00165178	193
00165942	194
00169651	195
00169806	196
00170844	197
00171590	198
00171852	199
00172710	200
00173338	201
00180413	202
00184117	203
00185104	204
00186616	205
00190115	206
00190999	207
00191142	208
00192051	209
00192836	210
00196485	211
00197772	212
00198451	213
00198631	214
00199130	215
00199309	216
00199707	217
00201671	218
00202236	219
00205046	220
00205598	221
00205885	222
00205891	223
00206998	224
00207418	225
00209943	226
00210518	227
00210797	228
00211110	229
00212173	230
00213186	231
00224901	232
00226618	233
00226882	234
00227507	235
00229260	236
00230276	237
00230746	238
00231557	239
00232542	240
00235435	241
00237078	242
00237869	243
00238022	244
00238527	245
00239230	246
00239910	247
00240131	248
00240184	249
00240293	250
00241038	251
00242808	252
00243124	253
00243373	254
00244625	255
00245457	256
00248026	257
00248659	258
00248977	259
00249501	260
00249780	261
00250181	262
00250259	263
00252019	264
00252990	265
00253761	266
00256507	267
00257269	268
00257535	269
00258665	270
00261029	271
00261705	272
00272878	273
00278810	274
00279835	275
00280586	276
00282050	277
00283127	278
00283568	279
00284798	280
00290740	281
00294884	282
00296178	283
00301187	284
00315986	285
00316594	286
00317207	287
00318035	288
00322457	289
00327031	290
00331950	291
00332835	292
00334186	293
00334996	294
00336922	295
00338641	296
00339464	297
00339934	298
00341285	299
00342980	300
00344125	301
00345761	302
00347610	303
00348746	304
00351485	305
00351638	306
00351963	307
00352558	308
00352826	309
00353782	310
00354884	311
00355252	312
00355547	313
00358931	314
00359238	315
00359614	316
00359903	317
00360143	318
00360650	319
00360757	320
00360932	321
00362355	322
00362467	323
00363260	324
00364479	325
00367685	326
00368109	327
00372013	328
00376063	329
00376400	330
00377169	331
00378985	332
00380083	333
00381601	334
00381680	335
00382635	336
00383390	337
00383606	338
00385791	339
00386915	340
00387657	341
00388065	342
00390215	343
00391599	344
00394610	345
00394813	346
00396703	347
00397760	348
00397953	349
00402130	350
00403783	351
00404642	352
00406963	353
00407535	354
00411009	355
00411020	356
00418025	357
00418903	358
00419644	359
00421437	360
00422090	361
00422551	362
00426581	363
00426928	364
00428000	365
00428270	366
00429060	367
00429968	368
00430370	369
00431552	370
00431826	371
00432683	372
00433778	373
00441445	374
00442267	375
00446493	376
00451461	377
00455348	378
00467451	379
00471613	380
00476819	381
00479391	382
00482473	383
00482893	384
00483146	385
00483181	386
00484166	387
00484892	388
00485609	389
00486018	390
00488770	391
00489837	392
00494907	393
00495998	394
00497705	395
00503164	396
00504592	397
00506299	398
00510050	399
00512186	400
00516086	401
00518395	402
00522751	403
00523513	404
00528990	405
00532607	406
00532892	407
00539546	408
00543233	409
00544549	410
00545557	411
00548173	412
00548802	413
00550282	414
00552841	415
00554850	416
00555138	417
00556193	418
00558371	419
00559102	420
00560893	421
00562398	422
00570590	423
00575741	424
00582388	425
00583239	426
00583461	427
00583990	428
00584367	429
00586262	430
00588221	431
00588797	432
00588888	433
00588998	434
00589624	435
00590518	436
00590924	437
00592883	438
00593732	439
00593944	440
00594058	441
00594621	442
00595630	443
00596644	444
00597915	445
00598215	446
00598954	447
00599992	448
00600724	449
00602255	450
00602805	451
00603298	452
00604576	453
00604694	454
00604811	455
00606370	456
00607114	457
00607405	458
00607775	459
00607780	460
00608502	461
00608808	462
00609683	463
00609953	464
00610010	465
00610373	466
00611055	467
00611256	468
00611433	469
00611481	470
00611802	471
00612042	472
00612160	473
00612612	474
00618682	475
00623151	476
00625393	477
00626800	478
00628491	479
00629738	480
00630026	481
00630380	482
00631391	483
00631737	484
00632627	485
00633265	486
00633443	487
00634472	488
00634906	489
00635012	490
00635205	491
00635850	492
00636061	493
00637259	494
00638585	495
00638981	496
00641252	497
00642098	498
00643250	499
00643473	500
00644503	501
00644583	502
00644839	503
00644967	504
00645415	505
00647094	506
00648977	507
00650353	508
00651991	509
00652346	510
00652466	511
00654625	512
00654885	513
00655779	514
00656576	515
00657260	516
00657604	517
00658082	518
00660571	519
00660971	520
00661091	521
00661824	522
00662182	523
00662589	524
00663353	525
00664110	526
00664276	527
00666510	528
00668099	529
00668805	530
00670261	531
00671190	532
00672017	533
00672277	534
00672433	535
00673766	536
00674607	537
00676450	538
00678010	539
00679389	540
00680841	541
00681429	542
00682230	543
00683280	544
00684480	545
00685638	546
00686447	547
00686890	548
00688377	549
00689205	550
00689344	551
00690614	552
00691312	553
00692329	554
00694068	555
00695226	556
00696189	557
00696518	558
00697589	559
00698855	560
00699626	561
00699815	562
00700708	563
00701040	564
00703512	565
00703875	566
00704388	567
00704690	568
00706243	569
00706975	570
00707956	571
00710005	572
00712135	573
00712708	574
00713167	575
00713818	576
00715074	577
00715239	578
00715674	579
00717358	580
00719231	581
00719734	582
00720565	583
00721098	584
00721437	585
00722232	586
00723056	587
00726300	588
00726784	589
00727573	590
00727791	591
00728849	592
00728975	593
00729108	594
00729109	595
00730052	596
00730247	597
00732224	598
00732552	599
00732960	600
00733632	601
00734054	602
00734348	603
00734587	604
00739082	605
00739340	606
00739662	607
00740053	608
00740577	609
00742320	610
00744443	611
00744758	612
00745005	613
00745637	614
00747418	615
00748282	616
00752144	617
00754118	618
00756331	619
00759551	620
00760402	621
00760956	622
00761713	623
00763399	624
00763901	625
00764902	626
00765213	627
00765649	628
00765977	629
00766234	630
00766418	631
00767826	632
00768062	633
00770270	634
00770437	635
00771632	636
00771961	637
00772189	638
00772967	639
00773402	640
00773814	641
00774107	642
00776523	643
00778275	644
00779061	645
00779360	646
00779601	647
00781000	648
00782527	649
00784533	650
00785690	651
00787465	652
00788097	653
00788821	654
00789534	655
00789906	656
00794079	657
00797697	658
00798245	659
00799383	660
00802318	661
00802946	662
00803325	663
00803617	664
00803815	665
00805034	666
00805376	667
00806314	668
00806502	669
00811355	670
00812580	671
00813044	672
00815686	673
00817311	674
00818466	675
00820976	676
00822367	677
00826509	678
00827730	679
00829107	680
00829378	681
00829761	682
00830761	683
00831191	684
00831651	685
00833702	686
00834198	687
00834259	688
00835032	689
00835267	690
00835294	691
00835903	692
00836236	693
00836788	694
00837288	695
00838043	696
00838098	697
00838856	698
00839619	699
00841628	700
00844254	701
00849332	702
00849357	703
00849523	704
00849788	705
00849982	706
00851239	707
00853776	708
00854000	709
00856824	710
00859001	711
00859153	712
00859325	713
00862683	714
00868799	715
00868910	716
00871942	717
00872886	718
00873603	719
00874067	720
00874806	721
00875141	722
00875246	723
00875394	724
00876332	725
00876874	726
00877127	727
00878636	728
00879356	729
00879759	730
00880269	731
00880662	732
00881649	733
00882159	734
00882948	735
00883297	736
00883611	737
00884540	738
00886281	739
00886978	740
00887463	741
00888009	742
00892467	743
00893167	744
00893435	745
00893741	746
00893955	747
00894738	748
00895304	749
00896141	750
00896497	751
00896803	752
00898518	753
00899927	754
00900070	755
00900581	756
00900616	757
00902424	758
00903385	759
00903668	760
00903711	761
00904046	762
00904690	763
00905399	764
00905677	765
00905852	766
00906367	767
00907147	768
00907657	769
00907930	770
00908351	771
00908492	772
00908621	773
00908909	774
00909219	775
00909363	776
00909573	777
00910973	778
00911048	779
00911350	780
00911562	781
00912960	782
00913065	783
00914632	784
00916464	785
00916909	786
00917772	787
00918312	788
00918872	789
00919513	790
00920125	791
00920336	792
00921072	793
00921300	794
00921738	795
00922327	796
00923321	797
00923793	798
00923995	799
00924431	800
00924825	801
00925207	802
00925873	803
00926472	804
00926702	805
00927017	806
00927049	807
00927261	808
00928630	809
00929718	810
00931040	811
00931453	812
00931555	813
00932088	814
00932624	815
00933154	816
00933420	817
00933566	818
00933821	819
00937656	820
00938247	821
00939035	822
00939277	823
00940384	824
00940412	825
00940709	826
00940842	827
00941777	828
00941974	829
00941990	830
00942234	831
00947077	832
00947128	833
00947439	834
00948206	835
00949134	836
00950431	837
00952524	838
00952963	839
00953559	840
00954608	841
00955060	842
00955148	843
00955601	844
00956131	845
00956687	846
00958334	847
00958880	848
00958896	849
00959731	850
00961329	851
00962447	852
00963570	853
00964343	854
00964569	855
00965035	856
00967625	857
00969873	858
00971650	859
00972621	860
00973077	861
00974444	862
00975902	863
00976365	864
00976487	865
00976653	866
00980453	867
00981083	868
00981276	869
00987071	870
00988028	871
00989084	872
00990812	873
00991151	874
00991838	875
00996969	876
00999815	877
00999817	878
01001294	879
01001689	880
01002956	881
01008378	882
01008801	883
01009240	884
01010118	885
01011725	886
01012073	887
01012360	888
01012712	889
01013434	890
01014066	891
01014731	892
01015244	893
01015866	894
01016832	895
01017987	896
01018630	897
01019129	898
01019372	899
01020005	900
01020356	901
01020934	902
01021420	903
01021889	904
01022008	905
01023259	906
01023574	907
01023820	908
01024190	909
01026262	910
01027379	911
01027668	912
01028082	913
01028748	914
01029852	915
01030820	916
01030832	917
01032040	918
01032368	919
01032840	920
01033458	921
01034925	922
01035530	923
01036333	924
01039140	925
01040707	926
01041111	927
01041762	928
01042531	929
01045419	930
01046932	931
01046984	932
01048939	933
01049462	934
01051331	935
01052853	936
01053207	937
01057200	938
01057759	939
01058574	940
01059123	941
01060234	942
01062817	943
01062997	944
01066542	945
01069125	946
01069190	947
01069391	948
01070102	949
01070777	950
01071411	951
01072072	952
01072236	953
01072565	954
01072780	955
01072949	956
01074498	957
01074650	958
01074694	959
01075164	960
01076615	961
01080366	962
01082454	963
01082606	964
01083077	965
01084637	966
01085098	967
01085793	968
01085937	969
01086081	970
01088923	971
01089483	972
01089778	973
01089878	974
01090335	975
01090446	976
01091905	977
01092366	978
01093172	979
01093587	980
01094725	981
01095218	982
01095753	983
01096245	984
01096454	985
01096497	986
01097292	987
01098869	988
01101329	989
01101913	990
01104637	991
01105259	992
01105639	993
01106808	994
01106864	995
01107932	996
01108148	997
01108753	998
01109467	999
01109687	1000
01110274	1001
01111016	1002
01113068	1003
01113867	1004
01115162	1005
01115349	1006
01116026	1007
01116968	1008
01117541	1009
01118449	1010
01119169	1011
01120069	1012
01120448	1013
01121690	1014
01123148	1015
01123598	1016
01125429	1017
01126961	1018
01127019	1019
01127075	1020
01127215	1021
01127245	1022
01127379	1023
01127623	1024
01127795	1025
01128193	1026
01129532	1027
01129876	1028
01129977	1029
01130169	1030
01130607	1031
01131043	1032
01131197	1033
01131473	1034
01133876	1035
01135952	1036
01136519	1037
01138670	1038
01139194	1039
01140839	1040
01142519	1041
01145359	1042
01146576	1043
01147060	1044
01147451	1045
01148283	1046
01149138	1047
01149494	1048
01150938	1049
01151097	1050
01151407	1051
01156112	1052
01156834	1053
01157517	1054
01158872	1055
01159655	1056
01160031	1057
01165692	1058
01167146	1059
01170962	1060
01172889	1061
01178565	1062
01180695	1063
01181475	1064
01182709	1065
01183573	1066
01184814	1067
01187810	1068
01189282	1069
01190884	1070
01190948	1071
01191645	1072
01191755	1073
01191838	1074
01193721	1075
01194238	1076
01194483	1077
01194938	1078
01195536	1079
01195867	1080
01197980	1081
01198101	1082
01198307	1083
01198750	1084
01198779	1085
01200440	1086
01201089	1087
01202415	1088
01202904	1089
01205827	1090
01205961	1091
01206153	1092
01206218	1093
01206553	1094
01207609	1095
01207951	1096
01208291	1097
01209220	1098
01209678	1099
01209953	1100
01210737	1101
01211019	1102
01211098	1103
01211339	1104
01211667	1105
01211699	1106
01212519	1107
01212572	1108
01213886	1109
01214171	1110
01215168	1111
01215392	1112
01215902	1113
01220636	1114
01220984	1115
01221611	1116
01221790	1117
01222360	1118
01224001	1119
01225970	1120
01226215	1121
01226240	1122
01227190	1123
01228877	1124
01229938	1125
01230710	1126
01230965	1127
01231252	1128
01233397	1129
01237167	1130
01237415	1131
01238424	1132
01239064	1133
01239359	1134
01239494	1135
01240210	1136
01240432	1137
01241073	1138
01241331	1139
01241767	1140
01246579	1141
01247647	1142
01248782	1143
01249315	1144
01253060	1145
01255967	1146
01256332	1147
01256417	1148
01256600	1149
01256743	1150
01258617	1151
01259458	1152
01259691	1153
01260867	1154
01261490	1155
01261712	1156
01261974	1157
01275562	1158
01279631	1159
01280014	1160
01281611	1161
01282014	1162
01282545	1163
01284271	1164
01284461	1165
01284908	1166
01285440	1167
01291069	1168
01292885	1169
01293389	1170
01295275	1171
01298931	1172
01308381	1173
01309143	1174
01309701	1175
01309991	1176
01310660	1177
01311103	1178
01311378	1179
01312810	1180
01313923	1181
01315613	1182
01319874	1183
01320009	1184
01321002	1185
01321230	1186
01322509	1187
01322675	1188
01323355	1189
01323449	1190
01326291	1191
01329239	1192
01332730	1193
01333082	1194
01333301	1195
01336635	1196
01339505	1197
01340439	1198
01342269	1199
01344293	1200
01345109	1201
01346003	1202
01346804	1203
01348530	1204
01350449	1205
01352574	1206
01354673	1207
01355326	1208
01363613	1209
01363648	1210
01364008	1211
01364162	1212
01366718	1213
01368192	1214
01369663	1215
01369758	1216
01370590	1217
01372049	1218
01374582	1219
01375637	1220
01378556	1221
01380638	1222
01381357	1223
01384439	1224
01385458	1225
01394464	1226
01395617	1227
01410363	1228
01412346	1229
01418667	1230
01421122	1231
01422886	1232
01423285	1233
01429349	1234
01432353	1235
01432474	1236
01435380	1237
01439190	1238
01440378	1239
01440801	1240
01441100	1241
01447257	1242
01447632	1243
01456463	1244
01458302	1245
01459422	1246
01462005	1247
01462468	1248
01463963	1249
01463965	1250
01468058	1251
01474209	1252
01474513	1253
01476483	1254
01478002	1255
01478423	1256
01489465	1257
01492052	1258
01494310	1259
01498872	1260
01506157	1261
01507134	1262
01508719	1263
01511380	1264
01516071	1265
01519977	1266
01531375	1267
01544692	1268
01545883	1269
01548193	1270
01548694	1271
01548718	1272
01549187	1273
01549291	1274
01549420	1275
01549719	1276
01551871	1277
01552519	1278
01554799	1279
01555742	1280
01556921	1281
01557614	1282
01557774	1283
01558440	1284
01558883	1285
01559055	1286
01560731	1287
01563005	1288
01567275	1289
01570403	1290
01588172	1291
01588493	1292
01590171	1293
01590747	1294
01601234	1295
01604696	1296
01612053	1297
01613239	1298
01617192	1299
01619354	1300
01619725	1301
01620854	1302
01621555	1303
01623967	1304
01624169	1305
01624568	1306
01624633	1307
01626138	1308
01627355	1309
01627947	1310
01627965	1311
01628449	1312
01629000	1313
01629276	1314
01629958	1315
01631534	1316
01631830	1317
01632411	1318
01633343	1319
01634142	1320
01634424	1321
01635056	1322
01635176	1323
01635432	1324
01636397	1325
01637166	1326
01637982	1327
01638368	1328
01639714	1329
01640207	1330
01640550	1331
01640855	1332
01641632	1333
01641751	1334
01641914	1335
01642437	1336
01642924	1337
01643657	1338
01644050	1339
01644522	1340
01644746	1341
01645601	1342
01646866	1343
01647229	1344
01647672	1345
01647867	1346
01649999	1347
01650610	1348
01651444	1349
01653013	1350
01653442	1351
01653873	1352
01654628	1353
01656788	1354
01658188	1355
01659248	1356
01661243	1357
01662771	1358
01666327	1359
01666717	1360
01667132	1361
01667304	1362
01667449	1363
01668603	1364
01672168	1365
01680756	1366
01684337	1367
01685313	1368
01685601	1369
01686132	1370
01686439	1371
01697027	1372
01697816	1373
01698271	1374
01702514	1375
01703326	1376
01704953	1377
01705257	1378
01708676	1379
01711071	1380
01711749	1381
01712704	1382
01721169	1383
01722447	1384
01723690	1385
01724459	1386
01725712	1387
01731031	1388
01732172	1389
01734300	1390
01735308	1391
01738774	1392
01740892	1393
01741446	1394
01743217	1395
01744611	1396
01751545	1397
01752495	1398
01752884	1399
01753788	1400
01754576	1401
01754737	1402
01759326	1403
01760944	1404
01761120	1405
01761706	1406
01762283	1407
01762528	1408
01762839	1409
01765392	1410
01767949	1411
01769843	1412
01769902	1413
01770501	1414
01770802	1415
01771390	1416
01771535	1417
01772960	1418
01775164	1419
01775535	1420
01776214	1421
01777210	1422
01777817	1423
01781478	1424
01782432	1425
01782519	1426
01783158	1427
01787955	1428
01789514	1429
01790020	1430
01792567	1431
01794668	1432
01796346	1433
01796519	1434
01796582	1435
01796800	1436
01797051	1437
01797204	1438
01797347	1439
01798100	1440
01800349	1441
01802219	1442
01802494	1443
01804961	1444
01806505	1445
01807882	1446
01808626	1447
01808769	1448
01812324	1449
01813499	1450
01813884	1451
01814815	1452
01815185	1453
01815628	1454
01816431	1455
01817500	1456
01818235	1457
01818835	1458
01820302	1459
01820901	1460
01821423	1461
01821996	1462
01822248	1463
01822936	1464
01824244	1465
01825671	1466
01827858	1467
01828736	1468
01830946	1469
01831531	1470
01834304	1471
01835496	1472
01844431	1473
01850315	1474
01855606	1475
01861778	1476
01865197	1477
01867295	1478
01867502	1479
01870889	1480
01871680	1481
01871979	1482
01872645	1483
01872877	1484
01873942	1485
01878466	1486
01880531	1487
01881696	1488
01882170	1489
01886756	1490
01894758	1491
01895219	1492
01895630	1493
01896478	1494
01898129	1495
01899262	1496
01900150	1497
01904845	1498
01904930	1499
01906322	1500
01906823	1501
01912893	1502
01921204	1503
01921964	1504
01922763	1505
01925372	1506
01931768	1507
01932973	1508
01933900	1509
01934205	1510
01947266	1511
01948573	1512
01950798	1513
01955127	1514
01955508	1515
01968569	1516
01970646	1517
01970826	1518
01974062	1519
01976089	1520
01977155	1521
01979241	1522
01981036	1523
01981699	1524
01989669	1525
01989873	1526
01990281	1527
01990694	1528
01992503	1529
01993926	1530
01994442	1531
01995549	1532
01996377	1533
01996574	1534
01998793	1535
01999218	1536
01999423	1537
01999798	1538
02005756	1539
02008066	1540
02012344	1541
02023107	1542
02031158	1543
02034828	1544
02034986	1545
02035337	1546
02036578	1547
02037272	1548
02050132	1549
02051031	1550
02051694	1551
02055062	1552
02056466	1553
02056880	1554
02064745	1555
02072849	1556
02073714	1557
02080577	1558
02081178	1559
02099019	1560
02102484	1561
02103481	1562
02106006	1563
02106506	1564
02107248	1565
02107588	1566
02108026	1567
02108377	1568
02108791	1569
02110220	1570
02111684	1571
02112029	1572
02112891	1573
02115778	1574
02116118	1575
02117333	1576
02118933	1577
02121511	1578
02122164	1579
02123812	1580
02123903	1581
02125223	1582
02125460	1583
02127613	1584
02128066	1585
02128286	1586
02128653	1587
02128873	1588
02129289	1589
02130160	1590
02130300	1591
02130524	1592
02131072	1593
02135389	1594
02137538	1595
02137907	1596
02138659	1597
02143283	1598
02143539	1599
02144644	1600
02145543	1601
02150510	1602
02150948	1603
02152812	1604
02154312	1605
02154508	1606
02156063	1607
02157100	1608
02157399	1609
02157557	1610
02161432	1611
02163746	1612
02166460	1613
02167052	1614
02169352	1615
02169891	1616
02170427	1617
02171039	1618
02176268	1619
02179279	1620
02189714	1621
02199590	1622
02200686	1623
02201644	1624
02202384	1625
02203362	1626
02204692	1627
02207206	1628
02208265	1629
02210855	1630
02215506	1631
02217695	1632
02219094	1633
02219940	1634
02220461	1635
02224055	1636
02229055	1637
02230056	1638
02230247	1639
02230772	1640
02231661	1641
02232190	1642
02238085	1643
02242464	1644
02244956	1645
02245765	1646
02245993	1647
02247977	1648
02248465	1649
02251743	1650
02255462	1651
02256109	1652
02257141	1653
02257370	1654
02257767	1655
02258291	1656
02259829	1657
02260085	1658
02260362	1659
02260770	1660
02261464	1661
02262542	1662
02270342	1663
02271544	1664
02274299	1665
02281093	1666
02284803	1667
02284951	1668
02285629	1669
02286204	1670
02286687	1671
02290029	1672
02290461	1673
02290956	1674
02291843	1675
02293321	1676
02294179	1677
02294436	1678
02298160	1679
02298471	1680
02301502	1681
02302817	1682
02304982	1683
02306462	1684
02308741	1685
02309341	1686
02310007	1687
02310482	1688
02310855	1689
02316304	1690
02318464	1691
02320374	1692
02321009	1693
02323286	1694
02324478	1695
02325968	1696
02326355	1697
02327200	1698
02331262	1699
02332999	1700
02333225	1701
02333689	1702
02335828	1703
02338975	1704
02340543	1705
02341266	1706
02343056	1707
02343374	1708
02343595	1709
02344060	1710
02346895	1711
02348324	1712
02348568	1713
02349212	1714
02352019	1715
02354287	1716
02354537	1717
02364448	1718
02367363	1719
02372605	1720
02373015	1721
02374149	1722
02374914	1723
02375131	1724
02376089	1725
02376277	1726
02376429	1727
02376958	1728
02378623	1729
02379528	1730
02383831	1731
02385634	1732
02386012	1733
02387034	1734
02387486	1735
02389346	1736
02389592	1737
02390470	1738
02391803	1739
02395782	1740
02397637	1741
02399331	1742
02400378	1743
02406916	1744
02407987	1745
02408965	1746
02410855	1747
02413480	1748
02414710	1749
02416278	1750
02418872	1751
02419073	1752
02421158	1753
02425913	1754
02426171	1755
02426395	1756
02427103	1757
02428487	1758
02428924	1759
02432530	1760
02434238	1761
02436349	1762
02439501	1763
02440244	1764
02440523	1765
02444662	1766
02445509	1767
02446164	1768
02447542	1769
02447793	1770
02448185	1771
02450256	1772
02450505	1773
02451113	1774
02451370	1775
02453889	1776
02455407	1777
02458103	1778
02460502	1779
02461723	1780
02463403	1781
02464693	1782
02464866	1783
02466134	1784
02467662	1785
02468793	1786
02469274	1787
02469835	1788
02469914	1789
02471762	1790
02472293	1791
02475922	1792
02479154	1793
02479323	1794
02479990	1795
02486932	1796
02489748	1797
02490877	1798
02494356	1799
02495922	1800
02499629	1801
02500619	1802
02500884	1803
02500902	1804
02501278	1805
02504131	1806
02504562	1807
02505141	1808
02506546	1809
02507736	1810
02510337	1811
02510446	1812
02511551	1813
02513269	1814
02513740	1815
02513989	1816
02514825	1817
02515214	1818
02518161	1819
02519555	1820
02524171	1821
02526085	1822
02528163	1823
02530861	1824
02533313	1825
02536557	1826
02537960	1827
02539788	1828
02540670	1829
02541509	1830
02542795	1831
02547586	1832
02548710	1833
02549581	1834
02549847	1835
02550296	1836
02550460	1837
02550516	1838
02550868	1839
02551144	1840
02551602	1841
02551832	1842
02553697	1843
02554422	1844
02554647	1845
02554922	1846
02555434	1847
02556126	1848
02556817	1849
02557199	1850
02559752	1851
02560164	1852
02560767	1853
02561332	1854
02563327	1855
02563860	1856
02566528	1857
02567519	1858
02569130	1859
02569790	1860
02570062	1861
02573127	1862
02573275	1863
02574205	1864
02577061	1865
02578008	1866
02578235	1867
02578510	1868
02579247	1869
02584915	1870
02584981	1871
02585050	1872
02586121	1873
02589013	1874
02589576	1875
02598143	1876
02598211	1877
02600255	1878
02600948	1879
02603540	1880
02603673	1881
02603699	1882
02603926	1883
02604760	1884
02607455	1885
02607909	1886
02608347	1887
02608823	1888
02609203	1889
02609764	1890
02610628	1891
02610845	1892
02611002	1893
02611630	1894
02612762	1895
02614181	1896
02616713	1897
02618149	1898
02619924	1899
02620587	1900
02620724	1901
02621395	1902
02621853	1903
02622234	1904
02623529	1905
02624263	1906
02625016	1907
02626604	1908
02630189	1909
02634265	1910
02635659	1911
02642814	1912
02645007	1913
02646072	1914
02646757	1915
02649830	1916
02650840	1917
02655135	1918
02656763	1919
02657219	1920
02658283	1921
02660147	1922
02660819	1923
02661252	1924
02662297	1925
02664769	1926
02665803	1927
02666239	1928
02667900	1929
02669081	1930
02669789	1931
02670398	1932
02671880	1933
02673965	1934
02676054	1935
02676789	1936
02678384	1937
02678438	1938
02679415	1939
02679899	1940
02684254	1941
02684924	1942
02685299	1943
02687385	1944
02690941	1945
02697725	1946
02697950	1947
02698944	1948
02699141	1949
02700104	1950
02701628	1951
02702674	1952
02704349	1953
02707429	1954
02712243	1955
02713097	1956
02713218	1957
02715229	1958
02716165	1959
02719399	1960
02724417	1961
02726017	1962
02727883	1963
02728763	1964
02728784	1965
02729023	1966
02730135	1967
02733187	1968
02734192	1969
02734217	1970
02735418	1971
02735688	1972
02735897	1973
02736778	1974
02743261	1975
02744651	1976
02747667	1977
02747709	1978
02749778	1979
02756098	1980
02760116	1981
02766328	1982
02766534	1983
02782815	1984
02787772	1985
02789271	1986
02796412	1987
02796623	1988
02806907	1989
02820210	1990
02840619	1991
02842445	1992
02851001	1993
02853218	1994
02853449	1995
02858231	1996
02860389	1997
02868326	1998
02869563	1999
02872333	2000
02877704	2001
02887970	2002
02888133	2003
02895606	2004
02897524	2005
02915055	2006
02938886	2007
02942769	2008
02945820	2009
02945971	2010
02947212	2011
02950154	2012
02952275	2013
02964389	2014
02979722	2015
02981759	2016
02982790	2017
02991048	2018
02991302	2019
03005920	2020
03017922	2021
03018802	2022
03038281	2023
03045074	2024
03050026	2025
03055809	2026
03061081	2027
03074922	2028
03075768	2029
03076708	2030
03081021	2031
03082979	2032
03091374	2033
03093792	2034
03100490	2035
03104594	2036
03109399	2037
03110322	2038
03120029	2039
03122748	2040
03129123	2041
03154073	2042
03154446	2043
03161725	2044
03180969	2045
03181293	2046
03183080	2047
03201208	2048
03211789	2049
03224032	2050
03247620	2051
03257343	2052
03269401	2053
03278248	2054
03281145	2055
03294833	2056
03302121	2057
03303965	2058
03323703	2059
03335030	2060
03365592	2061
03377582	2062
03384535	2063
03385117	2064
03398467	2065
03485997	2066
03511426	2067
03526198	2068
03533486	2069
03536348	2070
03540267	2071
03540595	2072
03563967	2073
03571155	2074
03575240	2075
03597469	2076
03600977	2077
03601638	2078
03664514	2079
03673971	2080
03674440	2081
03699975	2082
03721797	2083
03722007	2084
03728811	2085
03733925	2086
03735637	2087
03738472	2088
03740161	2089
03746574	2090
03748162	2091
03748886	2092
03779370	2093
03838160	2094
03839993	2095
03840327	2096
03879854	2097
03882611	2098
03892891	2099
03894379	2100
03906997	2101
03932203	2102
03953020	2103
03954731	2104
03959936	2105
03967942	2106
03996416	2107
04007664	2108
04007894	2109
04016240	2110
04016576	2111
04033995	2112
04060647	2113
04074482	2114
04076846	2115
04080833	2116
04081844	2117
04096848	2118
04099175	2119
04105893	2120
04110439	2121
04151940	2122
04160372	2123
04164989	2124
04176528	2125
04179385	2126
04184095	2127
04186848	2128
04202417	2129
04203705	2130
04208210	2131
04231693	2132
04250026	2133
04250850	2134
04254777	2135
04261116	2136
04320126	2137
04321238	2138
04321534	2139
04341686	2140
04377057	2141
04413151	2142
04424418	2143
04451473	2144
04451818	2145
04456276	2146
04485226	2147
04519153	2148
04519536	2149
04526241	2150
04544979	2151
04546855	2152
04576211	2153
04599396	2154
04616059	2155
04617562	2156
04618070	2157
04618781	2158
04620216	2159
04623113	2160
04623612	2161
04626280	2162
04627000	2163
04628192	2164
04630689	2165
04631067	2166
04631298	2167
04635104	2168
04637923	2169
04638175	2170
04650527	2171
04659287	2172
04660536	2173
04662951	2174
04668819	2175
04669247	2176
04673965	2177
04677514	2178
04683453	2179
04686003	2180
04687333	2181
04693384	2182
04693900	2183
04712735	2184
04713118	2185
04713332	2186
04713428	2187
04723816	2188
04726938	2189
04728786	2190
04729328	2191
04731497	2192
04733640	2193
04734885	2194
04735233	2195
04748836	2196
04754440	2197
04759849	2198
04760771	2199
04761212	2200
04762355	2201
04773596	2202
04778630	2203
04782878	2204
04783247	2205
04792127	2206
04792357	2207
04800359	2208
04806804	2209
04812268	2210
04826235	2211
04826771	2212
04826999	2213
04827652	2214
04828255	2215
04828925	2216
04829282	2217
04829550	2218
04831727	2219
04833276	2220
04835724	2221
04836683	2222
04840011	2223
04840981	2224
04841358	2225
04846770	2226
04847991	2227
04849241	2228
04849759	2229
04850117	2230
04850589	2231
04852088	2232
04852750	2233
04863969	2234
04864515	2235
04867130	2236
04868748	2237
04869569	2238
04871374	2239
04871720	2240
04872531	2241
04876985	2242
04877421	2243
04879092	2244
04880830	2245
04890112	2246
04892084	2247
04895246	2248
04897762	2249
04898437	2250
04905188	2251
04906273	2252
04910135	2253
04910377	2254
04910973	2255
04916342	2256
04922113	2257
04933544	2258
04946553	2259
04980008	2260
04999401	2261
04999741	2262
05003090	2263
05029706	2264
05032565	2265
05034225	2266
05035961	2267
05051896	2268
05075602	2269
05090441	2270
05093890	2271
05107765	2272
05109808	2273
05111835	2274
05112609	2275
05117660	2276
05121418	2277
05124057	2278
05128519	2279
05131283	2280
05138208	2281
05138488	2282
05141222	2283
05142180	2284
05142641	2285
05143690	2286
05147940	2287
05148699	2288
05154517	2289
05154676	2290
05154908	2291
05166805	2292
05168261	2293
05171045	2294
05176477	2295
05190804	2296
05194043	2297
05194151	2298
05194578	2299
05195362	2300
05199286	2301
05199869	2302
05200169	2303
05216365	2304
05217168	2305
05217688	2306
05217859	2307
05220461	2308
05221895	2309
05225090	2310
05225602	2311
05228020	2312
05229622	2313
05229990	2314
05230357	2315
05230603	2316
05232691	2317
05233420	2318
05236152	2319
05237227	2320
05237755	2321
05239808	2322
05240850	2323
05248181	2324
05249636	2325
05250659	2326
05254197	2327
05254795	2328
05256085	2329
05261404	2330
05261566	2331
05262185	2332
05263850	2333
05264756	2334
05267345	2335
05267548	2336
05268965	2337
05269901	2338
05271383	2339
05271814	2340
05272110	2341
05273684	2342
05273822	2343
05274590	2344
05274808	2345
05275466	2346
05275651	2347
05276860	2348
05277532	2349
05277728	2350
05279688	2351
05279953	2352
05280365	2353
05280831	2354
05280998	2355
05281189	2356
05282000	2357
05282433	2358
05283816	2359
05284333	2360
05284851	2361
05285275	2362
05285623	2363
05286536	2364
05287882	2365
05289057	2366
05289297	2367
05289601	2368
05289861	2369
05290756	2370
05293597	2371
05293773	2372
05294606	2373
05294819	2374
05296253	2375
05296639	2376
05296775	2377
05297523	2378
05298729	2379
05299178	2380
05299927	2381
05300231	2382
05301072	2383
05301392	2384
05301908	2385
05302499	2386
05303402	2387
05304932	2388
05305136	2389
05305614	2390
05305806	2391
05309050	2392
05309725	2393
05310351	2394
05311054	2395
05313115	2396
05313535	2397
05313679	2398
05313822	2399
05314075	2400
05314255	2401
05314639	2402
05314919	2403
05315095	2404
05316025	2405
05316175	2406
05317191	2407
05317354	2408
05317960	2409
05318606	2410
05318831	2411
05319936	2412
05320362	2413
05320899	2414
05324553	2415
05325378	2416
05327134	2417
05327767	2418
05328867	2419
05329215	2420
05329533	2421
05329735	2422
05331653	2423
05331812	2424
05332225	2425
05332569	2426
05333777	2427
05335310	2428
05337055	2429
05338410	2430
05339357	2431
05340599	2432
05340795	2433
05341920	2434
05342214	2435
05343542	2436
05343718	2437
05344514	2438
05344848	2439
05345581	2440
05348884	2441
05349659	2442
05352291	2443
05352433	2444
05367341	2445
05367735	2446
05367912	2447
05370410	2448
05370918	2449
05371663	2450
05372428	2451
05373790	2452
05373924	2453
05376844	2454
05379734	2455
05380697	2456
05383467	2457
05385161	2458
05385534	2459
05386845	2460
05387167	2461
05387395	2462
05388805	2463
05389939	2464
05395098	2465
05395286	2466
05395548	2467
05395690	2468
05397468	2469
05398609	2470
05404074	2471
05405554	2472
05405946	2473
05417975	2474
05418717	2475
05421414	2476
05423779	2477
05426243	2478
05426989	2479
05430095	2480
05430628	2481
05432736	2482
05432948	2483
05433496	2484
05434557	2485
05434927	2486
05435277	2487
05435477	2488
05436080	2489
05436752	2490
05442131	2491
05444324	2492
05445668	2493
05447599	2494
05455690	2495
05455912	2496
05459232	2497
05459769	2498
05459953	2499
05461816	2500
05462057	2501
05462315	2502
05462674	2503
05464104	2504
05465567	2505
05465868	2506
05466005	2507
05466696	2508
05467054	2509
05467432	2510
05468849	2511
05469032	2512
05470189	2513
05471629	2514
05472032	2515
05473104	2516
05473735	2517
05473928	2518
05474346	2519
05474738	2520
05474976	2521
05475681	2522
05475878	2523
05476256	2524
05476754	2525
05478336	2526
05479314	2527
05480794	2528
05481095	2529
05483890	2530
05485314	2531
05485554	2532
05491612	2533
05492259	2534
05493303	2535
05495172	2536
05495981	2537
05496990	2538
05497363	2539
05499172	2540
05500594	2541
05500992	2542
05501185	2543
05501485	2544
05501711	2545
05502090	2546
05502556	2547
05503705	2548
05504107	2549
05504532	2550
05505679	2551
05509889	2552
05510173	2553
05510702	2554
05511286	2555
05511618	2556
05512139	2557
05515670	2558
05516366	2559
05517578	2560
05528854	2561
05529159	2562
05529286	2563
05532225	2564
05532795	2565
05532944	2566
05533948	2567
05534174	2568
05534333	2569
05535484	2570
05536370	2571
05537576	2572
05537806	2573
05538016	2574
05538625	2575
05539138	2576
05539595	2577
05540121	2578
05540407	2579
05540513	2580
05541231	2581
05541509	2582
05541645	2583
05541872	2584
05542052	2585
05542193	2586
05542539	2587
05542893	2588
05543177	2589
05543917	2590
05544078	2591
05544432	2592
05544575	2593
05544725	2594
05544906	2595
05545047	2596
05545212	2597
05546040	2598
05546383	2599
05546540	2600
05547396	2601
05547508	2602
05548840	2603
05549061	2604
05549830	2605
05550330	2606
05551318	2607
05551711	2608
05552607	2609
05553049	2610
05553288	2611
05555473	2612
05555688	2613
05555917	2614
05556204	2615
05556325	2616
05556943	2617
05558717	2618
05559256	2619
05559727	2620
05559908	2621
05560244	2622
05560787	2623
05562249	2624
05563034	2625
05563266	2626
05563770	2627
05564323	2628
05564590	2629
05565696	2630
05565937	2631
05566097	2632
05566504	2633
05566919	2634
05567217	2635
05568767	2636
05570129	2637
05570839	2638
05572940	2639
05573895	2640
05574151	2641
05576194	2642
05576573	2643
05576950	2644
05577190	2645
05577410	2646
05577741	2647
05578095	2648
05578251	2649
05578442	2650
05578740	2651
05579944	2652
05580416	2653
05581693	2654
05582305	2655
05584928	2656
05585205	2657
05585383	2658
05585665	2659
05588551	2660
05590366	2661
05590740	2662
05591256	2663
05593017	2664
05593476	2665
05593654	2666
05593871	2667
05594037	2668
05594367	2669
05594822	2670
05595083	2671
05595531	2672
05596004	2673
05597594	2674
05598147	2675
05599203	2676
05599617	2677
05600637	2678
05601198	2679
05601357	2680
05601758	2681
05602132	2682
05602548	2683
05602835	2684
05603160	2685
05604535	2686
05604950	2687
05605192	2688
05609884	2689
05610008	2690
05614175	2691
05614476	2692
05615500	2693
05616246	2694
05623818	2695
05624700	2696
05633385	2697
05634219	2698
05637558	2699
05650329	2700
05650579	2701
05651399	2702
05651680	2703
05652926	2704
05654362	2705
05658826	2706
05670710	2707
05670972	2708
05675130	2709
05675905	2710
05677952	2711
05682570	2712
05682950	2713
05692419	2714
05692910	2715
05693919	2716
05696425	2717
05701363	2718
05701944	2719
05702275	2720
05702726	2721
05703429	2722
05704096	2723
05705184	2724
05705355	2725
05714161	2726
05718935	2727
05722427	2728
05726345	2729
05732756	2730
05733583	2731
05734018	2732
05734559	2733
05735478	2734
05736149	2735
05738625	2736
05748285	2737
05750657	2738
05752544	2739
05753564	2740
05755156	2741
05755883	2742
05758059	2743
05760202	2744
05761380	2745
05761559	2746
05761918	2747
05763916	2748
05764197	2749
05765159	2750
05765415	2751
05766247	2752
05770664	2753
05770926	2754
05772215	2755
05772356	2756
05773049	2757
05773923	2758
05775081	2759
05775407	2760
05776212	2761
05779371	2762
05779712	2763
05780104	2764
05784242	2765
05784831	2766
05785067	2767
05785508	2768
05785885	2769
05786184	2770
05786372	2771
05788149	2772
05789432	2773
05790242	2774
05792842	2775
05793000	2776
05793554	2777
05794403	2778
05796423	2779
05797177	2780
05802185	2781
05803379	2782
05803938	2783
05804274	2784
05804491	2785
05804793	2786
05805475	2787
05805902	2788
05806623	2789
05806855	2790
05807306	2791
05808218	2792
05809192	2793
05810948	2794
05813229	2795
05816287	2796
05817396	2797
05818741	2798
05822746	2799
05823054	2800
05823932	2801
05825245	2802
05827253	2803
05827684	2804
05828102	2805
05828263	2806
05829342	2807
05829782	2808
05830059	2809
05831939	2810
05833371	2811
05833840	2812
05835747	2813
05836275	2814
05837957	2815
05838176	2816
05838765	2817
05839024	2818
05840188	2819
05840650	2820
05845140	2821
05849040	2822
05849284	2823
05849789	2824
05854150	2825
05854812	2826
05864177	2827
05867413	2828
05868477	2829
05869584	2830
05869857	2831
05872982	2832
05888929	2833
05891783	2834
05901508	2835
05907682	2836
05908520	2837
05916739	2838
05917477	2839
05919866	2840
05923983	2841
05926676	2842
05928513	2843
05929008	2844
05930736	2845
05935060	2846
05941037	2847
05941210	2848
05941423	2849
05943066	2850
05945642	2851
05946687	2852
05951566	2853
05952979	2854
05967977	2855
05978159	2856
05978623	2857
05984287	2858
05984584	2859
05986948	2860
05989479	2861
05993844	2862
05996646	2863
05999266	2864
05999797	2865
06000400	2866
06000644	2867
06004067	2868
06013741	2869
06037298	2870
06037666	2871
06043075	2872
06045562	2873
06054700	2874
06057539	2875
06060845	2876
06063588	2877
06066555	2878
06075527	2879
06078088	2880
06078327	2881
06080522	2882
06090869	2883
06095022	2884
06123363	2885
06128570	2886
06136258	2887
06153846	2888
06156968	2889
06157326	2890
06158346	2891
06161718	2892
06171040	2893
06182144	2894
06193203	2895
06193727	2896
06196584	2897
06199142	2898
06199702	2899
06200344	2900
06206800	2901
06208021	2902
06208751	2903
06226057	2904
06252138	2905
06252743	2906
06259898	2907
06260121	2908
06282651	2909
06284225	2910
06324475	2911
06333653	2912
06346461	2913
06346681	2914
06347996	2915
06362953	2916
06364329	2917
06367107	2918
06367373	2919
06371413	2920
06372095	2921
06373747	2922
06374587	2923
06377442	2924
06379568	2925
06384708	2926
06389230	2927
06389553	2928
06392935	2929
06398401	2930
06400510	2931
06420781	2932
06428216	2933
06428646	2934
06470073	2935
06472025	2936
06479665	2937
06504462	2938
06511874	2939
06528783	2940
06528992	2941
06532330	2942
06547059	2943
06549661	2944
06551784	2945
06552639	2946
06552984	2947
06591442	2948
06593099	2949
06598445	2950
06598915	2951
06601327	2952
06605897	2953
06613056	2954
06628861	2955
06633363	2956
06633692	2957
06634376	2958
06643408	2959
06648207	2960
06648724	2961
06649567	2962
06650070	2963
06652242	2964
06652878	2965
06671484	2966
06671637	2967
06681551	2968
06684383	2969
06685198	2970
06686736	2971
06687178	2972
06687358	2973
06687701	2974
06691442	2975
06693198	2976
06694540	2977
06694796	2978
06710546	2979
06711159	2980
06712325	2981
06721949	2982
06722453	2983
06724763	2984
06725877	2985
06727616	2986
06732013	2987
06732581	2988
06732710	2989
06733939	2990
06738281	2991
06740183	2992
06740402	2993
06740644	2994
06740919	2995
06741099	2996
06741305	2997
06742426	2998
06743362	2999
06744000	3000
06748969	3001
06749881	3002
06750154	3003
06756407	3004
06757057	3005
06757891	3006
06762380	3007
06762711	3008
06763273	3009
06763681	3010
06764244	3011
06765044	3012
06766190	3013
06767035	3014
06768901	3015
06770275	3016
06773434	3017
06773976	3018
06782019	3019
06782680	3020
06783598	3021
06798750	3022
06806469	3023
06878071	3024
06879180	3025
06880249	3026
07006951	3027
07020538	3028
07037465	3029
07042735	3030
07048000	3031
07050177	3032
07050619	3033
07051975	3034
07052291	3035
07093895	3036
07096661	3037
07109019	3038
07109196	3039
07121157	3040
07121361	3041
07126734	3042
07138085	3043
07138915	3044
07139700	3045
07140978	3046
07150644	3047
07150850	3048
07151122	3049
07151380	3050
07151892	3051
07159791	3052
07160116	3053
07160296	3054
07160883	3055
07162545	3056
07162680	3057
07170753	3058
07175241	3059
07176682	3060
07177924	3061
07180183	3062
07180372	3063
07180570	3064
07190290	3065
07199565	3066
07200527	3067
07201365	3068
07201804	3069
07202579	3070
07203126	3071
07203696	3072
07208338	3073
07208708	3074
07208930	3075
07209965	3076
07211752	3077
07211950	3078
07212190	3079
07212424	3080
07213395	3081
07214432	3082
07217924	3083
07218470	3084
07230502	3085
07232421	3086
07245125	3087
07246036	3088
07247071	3089
07248060	3090
07248507	3091
07248653	3092
07248801	3093
07250034	3094
07251619	3095
07251984	3096
07252206	3097
07252378	3098
07252764	3099
07270179	3100
07272172	3101
07283608	3102
07285403	3103
07286368	3104
07286905	3105
07289014	3106
07290905	3107
07291312	3108
07291794	3109
07292694	3110
07293180	3111
07296428	3112
07298982	3113
07300960	3114
07309781	3115
07311115	3116
07313636	3117
07314277	3118
07319909	3119
07320302	3120
07323922	3121
07324380	3122
07324673	3123
07325190	3124
07326557	3125
07328942	3126
07337390	3127
07339329	3128
07340249	3129
07342049	3130
07348399	3131
07355887	3132
07357101	3133
07357388	3134
07359599	3135
07360647	3136
07366289	3137
07370671	3138
07372565	3139
07372779	3140
07372959	3141
07373277	3142
07373602	3143
07409592	3144
07414740	3145
07414922	3146
07417043	3147
07423001	3148
07423365	3149
07423560	3150
07428450	3151
07443761	3152
07447261	3153
07450651	3154
07450842	3155
07452348	3156
07452699	3157
07452841	3158
07467846	3159
07480068	3160
07480896	3161
07487695	3162
07490713	3163
07491038	3164
07491708	3165
07491981	3166
07492516	3167
07492655	3168
07493280	3169
07494363	3170
07495327	3171
07496463	3172
07496755	3173
07497473	3174
07500741	3175
07505047	3176
07510625	3177
07513508	3178
07514345	3179
07514968	3180
07515560	3181
07515790	3182
07521674	3183
07522128	3184
07524242	3185
07526757	3186
07527352	3187
07528212	3188
07528470	3189
07529563	3190
07531255	3191
07532112	3192
07532440	3193
07534430	3194
07535209	3195
07535670	3196
07536074	3197
07536870	3198
07537068	3199
07537485	3200
07538965	3201
07539367	3202
07543288	3203
07544647	3204
07546125	3205
07553301	3206
07553741	3207
07553964	3208
07554856	3209
07555014	3210
07565259	3211
07747455	3212
07938773	3213
07939638	3214
07941170	3215
07942152	3216
07950920	3217
07951464	3218
07956887	3219
07963711	3220
07963987	3221
07965085	3222
07969695	3223
07974025	3224
07975026	3225
07976936	3226
07985223	3227
07988857	3228
07992450	3229
07993109	3230
07993279	3231
07993929	3232
07997703	3233
08008335	3234
08053576	3235
08054721	3236
08055150	3237
08058098	3238
08059870	3239
08060193	3240
08060446	3241
08061042	3242
08063446	3243
08069878	3244
08081403	3245
08081668	3246
08082236	3247
08082602	3248
08101085	3249
08101410	3250
08103457	3251
08103777	3252
08106934	3253
08107499	3254
08108627	3255
08108784	3256
08108972	3257
08109624	3258
08110373	3259
08111157	3260
08164585	3261
08166187	3262
08189659	3263
08199025	3264
08208016	3265
08231184	3266
08239808	3267
08242100	3268
08252211	3269
08307589	3270
08310389	3271
08357784	3272
08358594	3273
08359949	3274
08368907	3275
08381436	3276
08400965	3277
08401554	3278
08402442	3279
08406486	3280
08419163	3281
08419562	3282
08420278	3283
08434259	3284
08435388	3285
08436759	3286
08441203	3287
08457976	3288
08459252	3289
08462320	3290
08478482	3291
08482271	3292
08510666	3293
08549070	3294
08550076	3295
08566028	3296
08572467	3297
08621598	3298
08623927	3299
08624656	3300
08629508	3301
08648322	3302
08651247	3303
08660339	3304
08663354	3305
08664443	3306
08673395	3307
09178821	3308
09179776	3309
09184834	3310
09184975	3311
09190918	3312
09201031	3313
09206985	3314
09222051	3315
09224911	3316
09257949	3317
09258715	3318
09279458	3319
09304465	3320
09304750	3321
09366317	3322
09379111	3323
09385137	3324
09385911	3325
09424489	3326
09429387	3327
09437369	3328
09442838	3329
09465459	3330
09469285	3331
09470550	3332
09476521	3333
09505153	3334
09608002	3335
09608709	3336
09609232	3337
09609871	3338
09610660	3339
09612848	3340
09614315	3341
09614684	3342
09615807	3343
09617867	3344
09621545	3345
09622302	3346
09623038	3347
09624559	3348
09626589	3349
09628382	3350
09629065	3351
09629752	3352
09630641	3353
09631129	3354
09631463	3355
09632274	3356
09632518	3357
09633969	3358
09678009	3359
09681351	3360
09762821	3361
09764201	3362
09764900	3363
09767197	3364
09769636	3365
09769929	3366
09771435	3367
09771664	3368
09773962	3369
09774783	3370
09777012	3371
09777353	3372
09781504	3373
09784443	3374
09786922	3375
09792237	3376
09792555	3377
09798534	3378
09800249	3379
09801864	3380
09802050	3381
09802239	3382
09803429	3383
09811712	3384
09812338	3385
09815790	3386
09816771	3387
09821253	3388
09821831	3389
09824361	3390
09831962	3391
09837824	3392
09848489	3393
09849598	3394
09855630	3395
09862345	3396
09868270	3397
09877587	3398
09878275	3399
09880427	3400
09882007	3401
09882716	3402
09885145	3403
09887034	3404
09900981	3405
09901143	3406
09901642	3407
09902954	3408
09906538	3409
09912995	3410
09915964	3411
09926862	3412
09927451	3413
09928136	3414
09928451	3415
09930257	3416
09939313	3417
09952163	3418
09962966	3419
09976429	3420
09979072	3421
09979321	3422
09979589	3423
09984659	3424
09985279	3425
09997404	3426
09998101	3427
10000787	3428
10001058	3429
10012989	3430
10018861	3431
10019888	3432
10020031	3433
10025730	3434
10041195	3435
10045454	3436
10045713	3437
10046527	3438
10053808	3439
10056103	3440
10058411	3441
10059162	3442
10066732	3443
10068804	3444
10075529	3445
10077593	3446
10080869	3447
10082146	3448
10090020	3449
10090498	3450
10099375	3451
10102506	3452
10102800	3453
10107303	3454
10112591	3455
10120816	3456
10126177	3457
10126424	3458
10138767	3459
10143725	3460
10150794	3461
10160012	3462
10160412	3463
10161178	3464
10162991	3465
10165448	3466
10191613	3467
10205985	3468
10209082	3469
10209246	3470
10212780	3471
10214230	3472
10214637	3473
10225219	3474
10227985	3475
10235549	3476
10240082	3477
10251779	3478
10256537	3479
10261041	3480
10264219	3481
10269458	3482
10271216	3483
10279018	3484
10280674	3485
10284064	3486
10285762	3487
10292316	3488
10296618	3489
10296832	3490
10301261	3491
10308275	3492
10308504	3493
10309347	3494
10309896	3495
10332385	3496
10335246	3497
10335931	3498
10336234	3499
10339504	3500
10345804	3501
10351281	3502
10351874	3503
10355449	3504
10363913	3505
10365514	3506
10369528	3507
10372373	3508
10373801	3509
10380305	3510
10383505	3511
10383816	3512
10399130	3513
10399299	3514
10399491	3515
10401639	3516
10401829	3517
10407726	3518
10407954	3519
10409634	3520
10409752	3521
10411551	3522
10412055	3523
10415638	3524
10418101	3525
10418841	3526
10421470	3527
10421956	3528
10423589	3529
10425946	3530
10428004	3531
10429965	3532
10431625	3533
10434725	3534
10438172	3535
10461424	3536
10461747	3537
10466198	3538
10466918	3539
10474446	3540
10476086	3541
10480018	3542
10482220	3543
10483530	3544
10483890	3545
10484526	3546
10486349	3547
10487182	3548
10490699	3549
10495167	3550
10495421	3551
10495555	3552
10509161	3553
10509389	3554
10509605	3555
10510339	3556
10515194	3557
10518194	3558
10518349	3559
10522035	3560
10522759	3561
10524223	3562
10524413	3563
10524973	3564
10549510	3565
10553805	3566
10555679	3567
10560637	3568
10563826	3569
10564224	3570
10568443	3571
10577284	3572
10578762	3573
10583250	3574
10583916	3575
10584318	3576
10590339	3577
10592397	3578
10592595	3579
10595647	3580
10605985	3581
10609092	3582
10614363	3583
10624310	3584
10624540	3585
10626867	3586
10630188	3587
10631941	3588
10633450	3589
10634316	3590
10637635	3591
10657306	3592
10658304	3593
10660333	3594
10665698	3595
10668450	3596
10670310	3597
10670668	3598
10671898	3599
10677271	3600
10677713	3601
10681194	3602
10681557	3603
10686313	3604
10689564	3605
10692883	3606
10693824	3607
10694258	3608
10703905	3609
10706812	3610
10707233	3611
10708292	3612
10708454	3613
10716005	3614
10716389	3615
10717589	3616
10720453	3617
10721470	3618
10722385	3619
10722575	3620
10724699	3621
10728624	3622
10729175	3623
10731244	3624
10737431	3625
10740219	3626
10741590	3627
10741821	3628
10743124	3629
10745894	3630
10752093	3631
10752480	3632
10752719	3633
10756433	3634
10763245	3635
10768585	3636
10770059	3637
10773394	3638
10776339	3639
10786033	3640
10786517	3641
10789963	3642
10791221	3643
10794014	3644
11083656	3645
11410625	3646
11412727	3647
11414411	3648
11414608	3649
11415084	3650
11415842	3651
11419404	3652
11452218	3653
11458624	3654
11498203	3655
11531090	3656
11567411	3657
11579418	3658
11665372	3659
11960540	3660
13085864	3661
13086908	3662
13089631	3663
13095685	3664
13096863	3665
13244109	3666
13247554	3667
13253255	3668
13253612	3669
13253751	3670
13265011	3671
13265904	3672
13266170	3673
13278375	3674
13279262	3675
13282161	3676
13285176	3677
13286640	3678
13299651	3679
13308864	3680
13331634	3681
13331778	3682
13365286	3683
13365698	3684
13367070	3685
13367593	3686
13381145	3687
13413493	3688
13426376	3689
13428159	3690
13440063	3691
13455487	3692
13457378	3693
13458571	3694
13470491	3695
13486270	3696
13486671	3697
13489037	3698
13503908	3699
13504173	3700
13518963	3701
13524925	3702
13526110	3703
13532886	3704
13537894	3705
13549672	3706
13550318	3707
13553916	3708
13555446	3709
13558696	3710
13561719	3711
13570574	3712
13572436	3713
13575869	3714
13576101	3715
13576355	3716
13576982	3717
13580415	3718
13580723	3719
13583724	3720
13742358	3721
13743605	3722
13760316	3723
13773361	3724
13773539	3725
13777344	3726
13780719	3727
13791389	3728
13792579	3729
13792692	3730
13809207	3731
13810323	3732
13812607	3733
13814041	3734
13844212	3735
13859043	3736
13860793	3737
13864153	3738
13864965	3739
13870805	3740
13872211	3741
13872421	3742
13896369	3743
13904843	3744
13905121	3745
13911151	3746
13913566	3747
13920835	3748
13927383	3749
13928388	3750
13928668	3751
13929852	3752
13931145	3753
13932421	3754
13939892	3755
13940456	3756
13941337	3757
13945102	3758
13954253	3759
13954818	3760
13955461	3761
13956488	3762
13961642	3763
13962166	3764
13962360	3765
13968547	3766
13969243	3767
13969700	3768
13970236	3769
13970764	3770
13971561	3771
13981403	3772
13985818	3773
13986679	3774
13987423	3775
13988663	3776
13989051	3777
13989280	3778
13989627	3779
13989863	3780
14000403	3781
14004317	3782
14006945	3783
14007546	3784
14023997	3785
14034177	3786
14036203	3787
14037011	3788
14050143	3789
14051917	3790
14052046	3791
14061462	3792
14285276	3793
14285662	3794
14286549	3795
14287113	3796
14298815	3797
14299637	3798
14311348	3799
14315192	3800
14317720	3801
14322699	3802
14323683	3803
14324274	3804
14331873	3805
14333433	3806
14379501	3807
14379829	3808
14403282	3809
14411981	3810
14412725	3811
14412882	3812
14418395	3813
14419164	3814
14420954	3815
14421139	3816
14422179	3817
14425414	3818
14437552	3819
14445379	3820
14445749	3821
14446161	3822
14451349	3823
14452294	3824
14481080	3825
14485526	3826
14491271	3827
14492953	3828
14547369	3829
14548343	3830
14559983	3831
14562960	3832
14563564	3833
14578471	3834
14686913	3835
14757848	3836
14778436	3837
14841267	3838
14842091	3839
14864360	3840
14866889	3841
14877585	3842
14960090	3843
15003969	3844
15047313	3845
15055633	3846
15109745	3847
15113229	3848
15140405	3849
15140892	3850
15142167	3851
15144371	3852
15145171	3853
15180528	3854
15265518	3855
15266911	3856
15267536	3857
15271008	3858
15274074	3859
15291199	3860
